		#naca0012		
#group	#point	#x_cord	#y_cord	#z_cord
1	1	1.00000	0.00000	0.00000
1	2	0.99976	0.00005	0.00000
1	3	0.99902	0.00019	0.00000
1	4	0.99780	0.00042	0.00000
1	5	0.99609	0.00074	0.00000
1	6	0.99389	0.00115	0.00000
1	7	0.99121	0.00165	0.00000
1	8	0.98805	0.00224	0.00000
1	9	0.98441	0.00291	0.00000
1	10	0.98030	0.00367	0.00000
1	11	0.97571	0.00451	0.00000
1	12	0.97066	0.00543	0.00000
1	13	0.96515	0.00642	0.00000
1	14	0.95918	0.00749	0.00000
1	15	0.95276	0.00863	0.00000
1	16	0.94589	0.00983	0.00000
1	17	0.93858	0.01110	0.00000
1	18	0.93085	0.01243	0.00000
1	19	0.92268	0.01381	0.00000
1	20	0.91411	0.01525	0.00000
1	21	0.90512	0.01674	0.00000
1	22	0.89573	0.01827	0.00000
1	23	0.88595	0.01984	0.00000
1	24	0.87579	0.02144	0.00000
1	25	0.86526	0.02308	0.00000
1	26	0.85437	0.02475	0.00000
1	27	0.84312	0.02644	0.00000
1	28	0.83154	0.02815	0.00000
1	29	0.81963	0.02988	0.00000
1	30	0.80739	0.03162	0.00000
1	31	0.79486	0.03336	0.00000
1	32	0.78202	0.03511	0.00000
1	33	0.76891	0.03686	0.00000
1	34	0.75553	0.03860	0.00000
1	35	0.74189	0.04033	0.00000
1	36	0.72801	0.04205	0.00000
1	37	0.71390	0.04375	0.00000
1	38	0.69958	0.04543	0.00000
1	39	0.68506	0.04708	0.00000
1	40	0.67035	0.04870	0.00000
1	41	0.65547	0.05029	0.00000
1	42	0.64043	0.05184	0.00000
1	43	0.62525	0.05335	0.00000
1	44	0.60994	0.05482	0.00000
1	45	0.59452	0.05623	0.00000
1	46	0.57900	0.05760	0.00000
1	47	0.56340	0.05890	0.00000
1	48	0.54773	0.06015	0.00000
1	49	0.53201	0.06133	0.00000
1	50	0.51626	0.06245	0.00000
1	51	0.50049	0.06349	0.00000
1	52	0.48472	0.06447	0.00000
1	53	0.46895	0.06536	0.00000
1	54	0.45322	0.06618	0.00000
1	55	0.43753	0.06691	0.00000
1	56	0.42190	0.06756	0.00000
1	57	0.40634	0.06813	0.00000
1	58	0.39082	0.06859	0.00000
1	59	0.37536	0.06894	0.00000
1	60	0.36002	0.06916	0.00000
1	61	0.34482	0.06926	0.00000
1	62	0.32977	0.06922	0.00000
1	63	0.31489	0.06906	0.00000
1	64	0.30019	0.06878	0.00000
1	65	0.28570	0.06836	0.00000
1	66	0.27142	0.06783	0.00000
1	67	0.25738	0.06717	0.00000
1	68	0.24357	0.06639	0.00000
1	69	0.23003	0.06549	0.00000
1	70	0.21676	0.06447	0.00000
1	71	0.20378	0.06334	0.00000
1	72	0.19110	0.06210	0.00000
1	73	0.17873	0.06075	0.00000
1	74	0.16669	0.05930	0.00000
1	75	0.15500	0.05775	0.00000
1	76	0.14365	0.05611	0.00000
1	77	0.13266	0.05438	0.00000
1	78	0.12206	0.05257	0.00000
1	79	0.11183	0.05067	0.00000
1	80	0.10200	0.04871	0.00000
1	81	0.09258	0.04667	0.00000
1	82	0.08357	0.04458	0.00000
1	83	0.07499	0.04242	0.00000
1	84	0.06683	0.04022	0.00000
1	85	0.05912	0.03797	0.00000
1	86	0.05185	0.03569	0.00000
1	87	0.04504	0.03337	0.00000
1	88	0.03869	0.03102	0.00000
1	89	0.03281	0.02865	0.00000
1	90	0.02739	0.02626	0.00000
1	91	0.02246	0.02386	0.00000
1	92	0.01800	0.02145	0.00000
1	93	0.01403	0.01903	0.00000
1	94	0.01055	0.01662	0.00000
1	95	0.00755	0.01421	0.00000
1	96	0.00505	0.01181	0.00000
1	97	0.00305	0.00942	0.00000
1	98	0.00154	0.00704	0.00000
1	99	0.00053	0.00468	0.00000
1	100	0.00002	0.00233	0.00000
1	101	0.00000	0.00000	0.00000
1	102	0.00048	-0.00228	0.00000
1	103	0.00144	-0.00448	0.00000
1	104	0.00290	-0.00660	0.00000
1	105	0.00484	-0.00863	0.00000
1	106	0.00726	-0.01059	0.00000
1	107	0.01016	-0.01246	0.00000
1	108	0.01354	-0.01425	0.00000
1	109	0.01739	-0.01595	0.00000
1	110	0.02171	-0.01757	0.00000
1	111	0.02649	-0.01911	0.00000
1	112	0.03173	-0.02056	0.00000
1	113	0.03742	-0.02193	0.00000
1	114	0.04356	-0.02322	0.00000
1	115	0.05013	-0.02442	0.00000
1	116	0.05714	-0.02553	0.00000
1	117	0.06457	-0.02656	0.00000
1	118	0.07243	-0.02751	0.00000
1	119	0.08069	-0.02837	0.00000
1	120	0.08935	-0.02915	0.00000
1	121	0.09840	-0.02985	0.00000
1	122	0.10784	-0.03047	0.00000
1	123	0.11766	-0.03102	0.00000
1	124	0.12783	-0.03148	0.00000
1	125	0.13837	-0.03187	0.00000
1	126	0.14925	-0.03218	0.00000
1	127	0.16046	-0.03243	0.00000
1	128	0.17199	-0.03260	0.00000
1	129	0.18384	-0.03271	0.00000
1	130	0.19599	-0.03275	0.00000
1	131	0.20844	-0.03274	0.00000
1	132	0.22116	-0.03266	0.00000
1	133	0.23414	-0.03253	0.00000
1	134	0.24739	-0.03235	0.00000
1	135	0.26087	-0.03213	0.00000
1	136	0.27459	-0.03186	0.00000
1	137	0.28852	-0.03155	0.00000
1	138	0.30266	-0.03121	0.00000
1	139	0.31699	-0.03083	0.00000
1	140	0.33150	-0.03043	0.00000
1	141	0.34617	-0.03000	0.00000
1	142	0.36099	-0.02955	0.00000
1	143	0.37595	-0.02909	0.00000
1	144	0.39104	-0.02862	0.00000
1	145	0.40628	-0.02813	0.00000
1	146	0.42167	-0.02762	0.00000
1	147	0.43714	-0.02707	0.00000
1	148	0.45267	-0.02649	0.00000
1	149	0.46826	-0.02589	0.00000
1	150	0.48387	-0.02526	0.00000
1	151	0.49951	-0.02460	0.00000
1	152	0.51515	-0.02394	0.00000
1	153	0.53078	-0.02325	0.00000
1	154	0.54638	-0.02255	0.00000
1	155	0.56194	-0.02184	0.00000
1	156	0.57744	-0.02113	0.00000
1	157	0.59287	-0.02040	0.00000
1	158	0.60821	-0.01968	0.00000
1	159	0.62344	-0.01895	0.00000
1	160	0.63856	-0.01822	0.00000
1	161	0.65355	-0.01749	0.00000
1	162	0.66839	-0.01677	0.00000
1	163	0.68307	-0.01605	0.00000
1	164	0.69757	-0.01533	0.00000
1	165	0.71188	-0.01463	0.00000
1	166	0.72598	-0.01393	0.00000
1	167	0.73986	-0.01324	0.00000
1	168	0.75351	-0.01257	0.00000
1	169	0.76692	-0.01190	0.00000
1	170	0.78006	-0.01124	0.00000
1	171	0.79293	-0.01060	0.00000
1	172	0.80551	-0.00997	0.00000
1	173	0.81780	-0.00936	0.00000
1	174	0.82977	-0.00876	0.00000
1	175	0.84142	-0.00818	0.00000
1	176	0.85274	-0.00761	0.00000
1	177	0.86371	-0.00705	0.00000
1	178	0.87432	-0.00652	0.00000
1	179	0.88456	-0.00600	0.00000
1	180	0.89442	-0.00550	0.00000
1	181	0.90390	-0.00502	0.00000
1	182	0.91298	-0.00455	0.00000
1	183	0.92164	-0.00411	0.00000
1	184	0.92990	-0.00368	0.00000
1	185	0.93772	-0.00328	0.00000
1	186	0.94512	-0.00290	0.00000
1	187	0.95207	-0.00253	0.00000
1	188	0.95858	-0.00220	0.00000
1	189	0.96463	-0.00188	0.00000
1	190	0.97022	-0.00158	0.00000
1	191	0.97534	-0.00131	0.00000
1	192	0.97999	-0.00107	0.00000
1	193	0.98417	-0.00085	0.00000
1	194	0.98786	-0.00065	0.00000
1	195	0.99107	-0.00048	0.00000
1	196	0.99380	-0.00033	0.00000
1	197	0.99603	-0.00021	0.00000
1	198	0.99776	-0.00012	0.00000
1	199	0.99901	-0.00005	0.00000
1	200	0.99975	-0.00001	0.00000
1	0			