(title "Pressure Coefficient")
(labels "Position" "Pressure Coefficient")

((xy/key/label "wing")
0.0164817	0.99367
0.0170357	0.994889
0.0175915	0.995478
0.018149	0.995487
0.0187081	0.994968
0.0192686	0.994002
0.0198308	0.992626
0.0203941	0.990875
0.0209588	0.988795
0.0215249	0.986391
0.022092	0.983684
0.02266	0.980727
0.0232294	0.977556
0.0237998	0.974197
0.024371	0.970671
0.0249431	0.967004
0.0255164	0.963206
0.0260904	0.959292
0.0266652	0.95528
0.027241	0.951189
0.0278175	0.947035
0.0283947	0.942828
0.0289726	0.938578
0.0295513	0.934292
0.0301306	0.929974
0.0307104	0.92563
0.0312908	0.921268
0.0318719	0.916893
0.0324533	0.912509
0.0330353	0.908119
0.0336177	0.903726
0.0342007	0.899335
0.0347841	0.894948
0.0353679	0.89057
0.0359521	0.886206
0.0365367	0.881855
0.0371219	0.877515
0.0377077	0.873191
0.0382935	0.868889
0.0388796	0.864607
0.0394661	0.860347
0.0400533	0.856109
0.0406412	0.851892
0.0412289	0.847705
0.0418167	0.843547
0.0424048	0.839417
0.0429933	0.835314
0.0435829	0.831237
0.0441722	0.827192
0.0447614	0.82318
0.045351	0.819199
0.0459407	0.815248
0.0465311	0.811327
0.0471216	0.80744
0.0477122	0.80359
0.048303	0.799777
0.048894	0.796002
0.0494852	0.792265
0.0500767	0.788567
0.0506684	0.784909
0.0512603	0.781292
0.0518523	0.777715
0.0524446	0.774177
0.053037	0.770678
0.0536296	0.767216
0.0542227	0.763788
0.0548157	0.760396
0.0554088	0.757038
0.056002	0.753711
0.0565954	0.750413
0.0571889	0.747142
0.0577826	0.743895
0.0583767	0.74067
0.0589709	0.737467
0.059565	0.734289
0.0601591	0.731135
0.0607534	0.728004
0.0613478	0.724897
0.0619424	0.721815
0.0625371	0.718756
0.0631321	0.715721
0.063727	0.712712
0.0643219	0.709727
0.064917	0.706765
0.0655122	0.703828
0.0661075	0.700915
0.0667028	0.698026
0.0672983	0.695162
0.067894	0.692322
0.0684898	0.689507
0.0690855	0.686718
0.0696814	0.683954
0.0702773	0.681218
0.0708733	0.678508
0.0714695	0.675827
0.0720657	0.673174
0.072662	0.67055
0.0732585	0.667956
0.0738553	0.66539
0.0744519	0.662855
0.0750485	0.660348
0.0756452	0.657869
0.0762419	0.655417
0.0768388	0.65299
0.0774357	0.650588
0.0780326	0.64821
0.0786297	0.645854
0.0792268	0.643519
0.0798241	0.641204
0.0804213	0.638908
0.0810186	0.636629
0.0816159	0.634367
0.0822132	0.632121
0.0828107	0.62989
0.0834081	0.627675
0.0840057	0.625475
0.0846032	0.623291
0.0852009	0.621122
0.0857985	0.618969
0.0863967	0.616831
0.086995	0.614708
0.0875931	0.612601
0.088191	0.610512
0.0887889	0.608439
0.0893868	0.606382
0.0899848	0.60434
0.0905828	0.602314
0.0911809	0.600304
0.091779	0.598309
0.0923772	0.59633
0.0929753	0.594367
0.0935736	0.592421
0.0941727	0.590488
0.0947724	0.58857
0.0953721	0.586668
0.0959712	0.584787
0.0965697	0.582924
0.0971681	0.58108
0.0977666	0.579253
0.0983651	0.577444
0.0989636	0.575653
0.0995622	0.573881
0.100161	0.572127
0.100759	0.57039
0.101358	0.56867
0.101957	0.566965
0.102556	0.565275
0.103155	0.563596
0.103755	0.561929
0.104355	0.560273
0.104954	0.55863
0.105553	0.556995
0.106151	0.555368
0.10675	0.553748
0.107349	0.552132
0.107948	0.550519
0.108547	0.548908
0.109146	0.547297
0.109745	0.545687
0.110344	0.544078
0.110943	0.542472
0.111542	0.540869
0.112141	0.539271
0.11274	0.53768
0.11334	0.536098
0.113939	0.534525
0.114538	0.532964
0.115137	0.531417
0.115736	0.529883
0.116336	0.528367
0.116935	0.526868
0.117534	0.525389
0.118133	0.523932
0.118733	0.522497
0.119332	0.521086
0.119931	0.519696
0.120531	0.518329
0.12113	0.516981
0.121729	0.515651
0.122329	0.514339
0.122928	0.513041
0.123528	0.511758
0.124127	0.510487
0.124727	0.509227
0.125326	0.507975
0.125926	0.506731
0.126525	0.505492
0.127126	0.504257
0.127726	0.503023
0.128326	0.501789
0.128926	0.500556
0.129526	0.499321
0.130126	0.498085
0.130726	0.496848
0.131325	0.495611
0.131925	0.494375
0.132524	0.493142
0.133124	0.491913
0.133724	0.490688
0.134323	0.489469
0.134923	0.488258
0.135523	0.487055
0.136122	0.485863
0.136722	0.484681
0.137322	0.483512
0.137921	0.482356
0.138521	0.481216
0.139121	0.480092
0.139721	0.478985
0.14032	0.477895
0.14092	0.476821
0.14152	0.475762
0.14212	0.474718
0.142719	0.473685
0.143319	0.472665
0.143919	0.471654
0.144519	0.470652
0.145119	0.469657
0.145719	0.468668
0.146319	0.467683
0.146918	0.466702
0.147518	0.465723
0.148118	0.464744
0.148718	0.463764
0.149318	0.46278
0.149918	0.461791
0.150517	0.460795
0.151117	0.459792
0.151717	0.458783
0.152317	0.457769
0.152917	0.45675
0.153517	0.455729
0.154117	0.454707
0.154717	0.453685
0.155317	0.452664
0.155916	0.451646
0.156516	0.450632
0.157116	0.449624
0.157716	0.448623
0.158316	0.447631
0.158916	0.446649
0.159516	0.445678
0.160116	0.444721
0.160716	0.443778
0.161316	0.442852
0.161916	0.441942
0.162516	0.441048
0.163116	0.44017
0.163716	0.439308
0.164316	0.438458
0.164916	0.437622
0.165516	0.436797
0.166116	0.435982
0.166716	0.435177
0.167315	0.434379
0.167915	0.433588
0.168515	0.432802
0.169115	0.432021
0.169715	0.431243
0.170315	0.430467
0.170915	0.429691
0.171515	0.428916
0.172115	0.428138
0.172715	0.427356
0.173315	0.426569
0.173916	0.425778
0.174516	0.424982
0.175116	0.424183
0.175716	0.42338
0.176316	0.422575
0.176916	0.42177
0.177516	0.420964
0.178116	0.42016
0.178716	0.419358
0.179316	0.418558
0.179916	0.417763
0.180516	0.416972
0.181116	0.416187
0.181716	0.415408
0.182316	0.414638
0.182917	0.413876
0.183517	0.413125
0.184117	0.412384
0.184718	0.411656
0.185318	0.410939
0.185919	0.410235
0.18652	0.409542
0.18712	0.408859
0.187721	0.408186
0.188322	0.407522
0.188923	0.406866
0.189524	0.406216
0.190125	0.405573
0.190726	0.404933
0.191327	0.404298
0.191928	0.403666
0.192529	0.403035
0.19313	0.402405
0.193732	0.401775
0.194333	0.401144
0.194934	0.400509
0.195535	0.39987
0.196137	0.399226
0.196738	0.398575
0.19734	0.397916
0.197941	0.397249
0.198543	0.396575
0.199144	0.395896
0.199746	0.395211
0.200347	0.394522
0.200949	0.39383
0.201551	0.393137
0.202152	0.392443
0.202754	0.39175
0.203355	0.391058
0.203957	0.39037
0.204559	0.389686
0.20516	0.389007
0.205762	0.388334
0.206364	0.38767
0.206965	0.387014
0.207567	0.386369
0.208168	0.385736
0.20877	0.385116
0.209371	0.384509
0.209973	0.383918
0.210574	0.38334
0.211176	0.382775
0.21178	0.382221
0.212384	0.381678
0.212988	0.381147
0.213591	0.380624
0.214194	0.38011
0.214796	0.379604
0.215398	0.379103
0.216	0.378607
0.216601	0.378115
0.217202	0.377625
0.217803	0.377137
0.218403	0.376649
0.219003	0.37616
0.219603	0.375669
0.220203	0.375174
0.220803	0.374674
0.221403	0.374167
0.222003	0.373652
0.222603	0.373127
0.223203	0.372594
0.223803	0.372052
0.224403	0.371503
0.225003	0.370946
0.225603	0.370384
0.226203	0.369816
0.226803	0.369245
0.227403	0.368671
0.228003	0.368095
0.228603	0.367518
0.229203	0.366941
0.229803	0.366364
0.230403	0.365788
0.231003	0.365215
0.231603	0.364645
0.232203	0.364078
0.232803	0.363517
0.233403	0.362961
0.234003	0.362413
0.234603	0.361872
0.235203	0.36134
0.235803	0.360817
0.236403	0.360302
0.237003	0.359796
0.237603	0.359298
0.238203	0.358808
0.238803	0.358325
0.239403	0.357848
0.240003	0.357378
0.240603	0.356913
0.241203	0.356454
0.241803	0.356001
0.242403	0.355551
0.243003	0.355106
0.243603	0.354665
0.244203	0.354227
0.244803	0.353792
0.245403	0.35336
0.246003	0.352931
0.246603	0.352503
0.247203	0.352077
0.247803	0.351652
0.248403	0.351229
0.249003	0.350805
0.249603	0.350383
0.250203	0.349961
0.250803	0.34954
0.251403	0.349119
0.252003	0.348699
0.252603	0.34828
0.253203	0.347862
0.253803	0.347445
0.254403	0.347029
0.255003	0.346615
0.255603	0.346202
0.256203	0.34579
0.256803	0.34538
0.257402	0.344972
0.258002	0.344565
0.258602	0.34416
0.259202	0.343757
0.259802	0.343356
0.260403	0.342957
0.261003	0.34256
0.261604	0.342165
0.262204	0.341773
0.262805	0.341383
0.263405	0.340995
0.264006	0.34061
0.264606	0.340226
0.265206	0.339843
0.265806	0.339462
0.266406	0.339081
0.267006	0.338701
0.267606	0.338322
0.268206	0.337942
0.268806	0.337562
0.269406	0.337182
0.270006	0.3368
0.270605	0.336418
0.271205	0.336034
0.271805	0.335648
0.272405	0.33526
0.273005	0.334869
0.273605	0.334475
0.274205	0.334078
0.274805	0.333677
0.275405	0.333271
0.276005	0.33286
0.276605	0.332445
0.277205	0.332025
0.277805	0.331602
0.278404	0.331176
0.279004	0.330748
0.279604	0.330318
0.280204	0.329887
0.280804	0.329455
0.281404	0.329024
0.282004	0.328594
0.282604	0.328165
0.283204	0.327738
0.283804	0.327314
0.284404	0.326893
0.285003	0.326477
0.285603	0.326064
0.286203	0.325658
0.286803	0.325257
0.287403	0.324863
0.288003	0.324477
0.288603	0.324099
0.289203	0.323731
0.289803	0.323372
0.290402	0.323022
0.291002	0.322682
0.291602	0.32235
0.292202	0.322026
0.292803	0.32171
0.293403	0.3214
0.294003	0.321095
0.294603	0.320796
0.295203	0.320501
0.295803	0.32021
0.296403	0.319922
0.297003	0.319637
0.297602	0.319352
0.298202	0.319069
0.298802	0.318786
0.299402	0.318503
0.300002	0.318219
0.300602	0.317934
0.301202	0.317646
0.301801	0.317355
0.302401	0.31706
0.303001	0.31676
0.303601	0.316454
0.304201	0.316142
0.304801	0.315823
0.305401	0.315499
0.306	0.31517
0.3066	0.314835
0.3072	0.314496
0.3078	0.314153
0.3084	0.313806
0.309	0.313457
0.3096	0.313105
0.310199	0.312751
0.310799	0.312395
0.311399	0.312037
0.311999	0.311679
0.312599	0.311319
0.313199	0.31096
0.313798	0.3106
0.314398	0.31024
0.314998	0.309881
0.315598	0.309523
0.316198	0.309167
0.316798	0.308812
0.317397	0.308459
0.317997	0.308108
0.318598	0.30776
0.319198	0.307415
0.319798	0.307072
0.320397	0.306732
0.320997	0.306395
0.321597	0.30606
0.322197	0.305728
0.322797	0.305399
0.323396	0.305072
0.323996	0.304747
0.324596	0.304425
0.325196	0.304106
0.325796	0.303789
0.326396	0.303474
0.326995	0.303162
0.327595	0.302853
0.328195	0.302547
0.328795	0.302243
0.329395	0.301942
0.329994	0.301645
0.330594	0.30135
0.331194	0.301058
0.331794	0.30077
0.332394	0.300485
0.332993	0.300204
0.333593	0.299926
0.334193	0.299651
0.334793	0.299378
0.335393	0.299108
0.335992	0.29884
0.336592	0.298575
0.337192	0.29831
0.337792	0.298047
0.338392	0.297785
0.338991	0.297523
0.339591	0.297262
0.340191	0.297001
0.340791	0.296739
0.341391	0.296477
0.341991	0.296215
0.342591	0.295951
0.343191	0.295685
0.34379	0.295417
0.34439	0.295148
0.34499	0.294875
0.34559	0.2946
0.34619	0.294321
0.346789	0.294038
0.347389	0.29375
0.347989	0.293459
0.348589	0.293163
0.349188	0.292863
0.349788	0.29256
0.350388	0.292254
0.350988	0.291944
0.351588	0.291633
0.352187	0.291319
0.352787	0.291004
0.353387	0.290687
0.353987	0.290369
0.354587	0.29005
0.355186	0.289731
0.355786	0.289412
0.356386	0.289092
0.356986	0.288773
0.357585	0.288455
0.358185	0.288137
0.358785	0.287821
0.359385	0.287506
0.359985	0.287193
0.360584	0.286882
0.361184	0.286574
0.361784	0.286269
0.362384	0.285968
0.362983	0.285669
0.363583	0.285373
0.364183	0.285081
0.364783	0.28479
0.365383	0.284503
0.365983	0.284217
0.366582	0.283934
0.367182	0.283652
0.367782	0.283371
0.368382	0.283092
0.368981	0.282815
0.369581	0.282538
0.370181	0.282262
0.370781	0.281987
0.37138	0.281712
0.37198	0.281437
0.37258	0.281162
0.37318	0.280888
0.373779	0.280613
0.374379	0.280337
0.374979	0.280061
0.375579	0.279785
0.376178	0.279507
0.376778	0.279228
0.377378	0.278947
0.377978	0.278666
0.378577	0.278382
0.379177	0.278098
0.379777	0.277812
0.380377	0.277524
0.380976	0.277235
0.381576	0.276945
0.382176	0.276653
0.382776	0.27636
0.383376	0.276065
0.383976	0.275769
0.384575	0.275472
0.385175	0.275173
0.385775	0.274872
0.386375	0.27457
0.386974	0.274266
0.387574	0.27396
0.388174	0.273653
0.388774	0.273343
0.389373	0.273032
0.389973	0.272718
0.390573	0.272402
0.391173	0.272083
0.391772	0.271762
0.392372	0.271437
0.392972	0.27111
0.393572	0.270781
0.394171	0.270449
0.394771	0.270116
0.395371	0.26978
0.395971	0.269443
0.39657	0.269105
0.39717	0.268766
0.39777	0.268427
0.39837	0.268086
0.398969	0.267746
0.399569	0.267406
0.400169	0.267066
0.400769	0.266726
0.401368	0.266387
0.401968	0.266049
0.402568	0.265712
0.403168	0.265377
0.403768	0.265043
0.404368	0.264711
0.404968	0.264381
0.405567	0.264054
0.406167	0.26373
0.406767	0.263409
0.407367	0.263091
0.407966	0.262776
0.408566	0.262465
0.409166	0.262157
0.409765	0.261852
0.410365	0.26155
0.410965	0.261251
0.411565	0.260953
0.412164	0.260658
0.412764	0.260365
0.413364	0.260073
0.413963	0.259783
0.414563	0.259495
0.415163	0.259207
0.415763	0.258921
0.416362	0.258635
0.416962	0.25835
0.417562	0.258065
0.418161	0.257781
0.418761	0.257497
0.419361	0.257213
0.419961	0.256928
0.42056	0.256643
0.42116	0.256357
0.42176	0.25607
0.422359	0.255782
0.422959	0.255493
0.423559	0.255202
0.424159	0.25491
0.424758	0.254617
0.425358	0.254323
0.425958	0.254029
0.426558	0.253735
0.427157	0.253442
0.427757	0.25315
0.428357	0.252858
0.428956	0.252568
0.429556	0.252279
0.430156	0.251992
0.430755	0.251708
0.431355	0.251426
0.431955	0.251147
0.432554	0.250872
0.433154	0.250599
0.433754	0.250331
0.434353	0.250067
0.434953	0.249807
0.435553	0.249553
0.436152	0.249304
0.436752	0.249061
0.437352	0.248825
0.437951	0.248596
0.438551	0.248374
0.439151	0.248159
0.43975	0.247951
0.44035	0.247749
0.44095	0.247552
0.441549	0.24736
0.442149	0.247173
0.442749	0.246989
0.443348	0.246808
0.443948	0.246629
0.444548	0.246453
0.445147	0.246277
0.445747	0.246102
0.446347	0.245928
0.446946	0.245753
0.447546	0.245576
0.448145	0.245398
0.448745	0.245219
0.449345	0.245036
0.449944	0.24485
0.450544	0.24466
0.451144	0.244465
0.451743	0.244265
0.452343	0.244058
0.452942	0.243843
0.453542	0.24362
0.454142	0.243389
0.454741	0.243149
0.455341	0.242902
0.455941	0.242647
0.45654	0.242386
0.45714	0.242119
0.45774	0.241848
0.458339	0.241572
0.458939	0.241294
0.459539	0.241013
0.460139	0.24073
0.460738	0.240446
0.461338	0.240162
0.461938	0.239878
0.462537	0.239595
0.463137	0.239313
0.463736	0.239033
0.464336	0.238756
0.464936	0.238483
0.465535	0.238214
0.466135	0.23795
0.466734	0.237692
0.467334	0.237441
0.467934	0.237197
0.468533	0.236961
0.469133	0.236735
0.469732	0.236518
0.470332	0.23631
0.470932	0.236111
0.471531	0.235921
0.472131	0.235738
0.47273	0.235562
0.47333	0.235392
0.473929	0.235229
0.474529	0.23507
0.475129	0.234915
0.475729	0.234764
0.476328	0.234617
0.476928	0.234472
0.477527	0.234328
0.478127	0.234187
0.478727	0.234046
0.479326	0.233905
0.479926	0.233764
0.480525	0.233622
0.481125	0.233479
0.481724	0.233334
0.482324	0.233187
0.482923	0.233037
0.483523	0.232883
0.484122	0.232724
0.484722	0.23256
0.485322	0.232391
0.485921	0.232215
0.486521	0.232034
0.48712	0.231848
0.48772	0.231657
0.488319	0.231462
0.488919	0.231263
0.489518	0.231061
0.490118	0.230855
0.490718	0.230647
0.491317	0.230436
0.491917	0.230223
0.492516	0.230009
0.493116	0.229793
0.493715	0.229575
0.494315	0.229357
0.494915	0.229139
0.495514	0.22892
0.496114	0.228701
0.496713	0.228482
0.497313	0.228264
0.497912	0.228046
0.498512	0.227829
0.499111	0.227614
0.499711	0.2274
0.50031	0.227188
0.50091	0.226979
0.501509	0.226771
0.502109	0.226566
0.502708	0.226363
0.503308	0.226161
0.503908	0.225962
0.504507	0.225765
0.505107	0.22557
0.505706	0.225377
0.506306	0.225186
0.506906	0.224996
0.507505	0.224809
0.508105	0.224623
0.508704	0.22444
0.509304	0.224258
0.509903	0.224078
0.510503	0.223901
0.511102	0.223725
0.511702	0.223551
0.512301	0.22338
0.512901	0.22321
0.5135	0.223043
0.5141	0.222879
0.514699	0.222716
0.515299	0.222557
0.515898	0.2224
0.516498	0.222247
0.517097	0.222096
0.517697	0.221947
0.518296	0.221801
0.518896	0.221657
0.519495	0.221515
0.520095	0.221374
0.520695	0.221234
0.521294	0.221095
0.521894	0.220957
0.522494	0.220819
0.523093	0.220681
0.523693	0.220543
0.524292	0.220404
0.524892	0.220264
0.525491	0.220124
0.526091	0.219982
0.52669	0.219838
0.527289	0.219693
0.527889	0.219545
0.528488	0.219395
0.529088	0.219242
0.529687	0.219085
0.530287	0.218924
0.530886	0.218759
0.531486	0.218589
0.532085	0.218414
0.532685	0.218234
0.533284	0.218048
0.533884	0.217859
0.534483	0.217665
0.535083	0.217468
0.535683	0.217268
0.536283	0.217065
0.536883	0.21686
0.537483	0.216653
0.538082	0.216444
0.538681	0.216235
0.539281	0.216025
0.53988	0.215814
0.54048	0.215604
0.541079	0.215393
0.541679	0.215184
0.542278	0.214975
0.542878	0.214767
0.543477	0.214562
0.544077	0.214358
0.544676	0.214157
0.545276	0.213958
0.545875	0.213763
0.546475	0.213571
0.547074	0.213383
0.547674	0.213199
0.548273	0.21302
0.548873	0.212845
0.549473	0.212674
0.550073	0.212506
0.550673	0.212342
0.551273	0.212182
0.551872	0.212024
0.552472	0.211869
0.553071	0.211717
0.55367	0.211568
0.55427	0.211421
0.554869	0.211275
0.555469	0.211132
0.556068	0.21099
0.556668	0.21085
0.557267	0.210712
0.557866	0.210574
0.558466	0.210438
0.559065	0.210302
0.559665	0.210167
0.560264	0.210033
0.560864	0.209899
0.561463	0.209765
0.562062	0.209631
0.562662	0.209498
0.935648	-0.00950907
0.93624	-0.00878222
0.936832	-0.00805782
0.937424	-0.00733579
0.938015	-0.00661629
0.938607	-0.00589924
0.939199	-0.00518459
0.93979	-0.00447231
0.940382	-0.00376226
0.940974	-0.00305438
0.941566	-0.00234873
0.942157	-0.00164516
0.942749	-0.000943489
0.94334	-0.000243597
0.943932	0.000454646
0.944524	0.00115175
0.945115	0.00184715
0.945707	0.00254129
0.946298	0.0032343
0.94689	0.00392628
0.947481	0.00461727
0.948073	0.00530751
0.948664	0.00599665
0.949256	0.00668452
0.949847	0.00737114
0.950438	0.0080563
0.95103	0.00873979
0.951621	0.00942176
0.952213	0.0101016
0.952804	0.0107787
0.953396	0.0114531
0.953987	0.0121247
0.954578	0.0127932
0.95517	0.013459
0.955762	0.014122
0.956353	0.0147811
0.956944	0.0154373
0.957536	0.0160906
0.958127	0.0167413
0.958718	0.0173895
0.95931	0.0180362
0.959901	0.0186803
0.960492	0.0193224
0.961083	0.0199628
0.961674	0.0206017
0.962266	0.0212392
0.962857	0.0218756
0.963448	0.0225095
0.964039	0.0231411
0.96463	0.0237704
0.965221	0.024397
0.965812	0.0250208
0.966404	0.0256422
0.966996	0.0262598
0.967587	0.0268735
0.968178	0.0274836
0.968769	0.0280903
0.969359	0.0286935
0.969951	0.0292942
0.970542	0.029892
0.971133	0.0304865
0.971724	0.0310785
0.972315	0.0316683
0.972906	0.032256
0.973497	0.0328423
0.974088	0.0334268
0.974679	0.0340087
0.97527	0.0345886
0.975861	0.0351665
0.976451	0.0357422
0.977042	0.0363159
0.977634	0.0368874
0.978224	0.0374557
0.978815	0.0380211
0.979406	0.0385837
0.979996	0.0391433
0.980587	0.0397
0.981178	0.040254
0.981769	0.0408042
0.982359	0.041351
0.98295	0.0418945
0.983541	0.0424343
0.984131	0.0429709
0.984722	0.0435038
0.985313	0.0440325
0.985904	0.0445573
0.986494	0.0450782
0.987084	0.0455952
0.987675	0.0461084
0.988266	0.0466179
0.988856	0.0471223
0.989446	0.0476224
0.990036	0.0481167
0.990626	0.0486059
0.991216	0.0490922
0.991807	0.0495711
0.992397	0.050042
0.992987	0.0505052
0.993577	0.0509562
0.994168	0.0513955
0.994759	0.0518168
0.995349	0.0522147
0.99594	0.0525825
0.996529	0.0529162
0.997118	0.0531919
0.997709	0.0533954
0.9983	0.0534189
0.998891	0.0530615
0.999478	0.0521627
1.00007	0.0497453
1.0004	0.0472282
1.00031	0.0459685
1.00006	0.0377851
0.999607	0.0380209
0.999007	0.0510795
0.998407	0.0579251
0.997809	0.0590521
0.997211	0.0602195
0.996612	0.0630282
0.996012	0.0656515
0.995413	0.0675514
0.994813	0.0687647
0.994214	0.0697095
0.993615	0.070897
0.993015	0.0723324
0.992416	0.073683
0.991817	0.0748982
0.991217	0.075913
0.990618	0.0767216
0.990019	0.0774207
0.989419	0.0780799
0.98882	0.0787404
0.988221	0.0794397
0.987621	0.0801849
0.987022	0.0809485
0.986423	0.0816907
0.985823	0.082376
0.985224	0.082979
0.984625	0.0834877
0.984025	0.0839118
0.983426	0.0842839
0.982827	0.0846392
0.982227	0.0850031
0.981628	0.0853991
0.981029	0.0858497
0.980429	0.0863713
0.97983	0.0869696
0.979231	0.0876351
0.978631	0.0883443
0.978032	0.089069
0.977433	0.0897846
0.976833	0.0904714
0.976234	0.091113
0.975635	0.0916983
0.975035	0.092224
0.974436	0.0926936
0.973836	0.0931123
0.973237	0.0934846
0.972638	0.0938145
0.972038	0.0941054
0.971439	0.0943614
0.97084	0.0945876
0.97024	0.0947914
0.969641	0.0949822
0.969042	0.0951684
0.968442	0.0953577
0.967843	0.0955586
0.967244	0.0957799
0.966645	0.0960295
0.966045	0.0963145
0.965446	0.09664
0.964847	0.0970084
0.964247	0.0974174
0.963648	0.0978583
0.963049	0.0983184
0.962449	0.0987836
0.96185	0.0992415
0.961251	0.0996808
0.960651	0.100091
0.960052	0.100463
0.959452	0.100789
0.958853	0.101068
0.958254	0.101303
0.957654	0.101506
0.957055	0.101687
0.956456	0.101857
0.955856	0.102025
0.955257	0.102199
0.954658	0.102385
0.954058	0.102592
0.953459	0.102827
0.95286	0.103095
0.95226	0.103399
0.951661	0.103738
0.951062	0.104106
0.950462	0.104497
0.949863	0.104901
0.949264	0.105311
0.948664	0.105719
0.948065	0.106119
0.947465	0.106503
0.946866	0.106866
0.946267	0.107201
0.945667	0.107507
0.945068	0.107782
0.944469	0.108029
0.943869	0.108253
0.94327	0.108459
0.94267	0.108651
0.942071	0.108833
0.941472	0.10901
0.940872	0.109185
0.940273	0.109361
0.939674	0.10954
0.939074	0.109726
0.938475	0.10992
0.937876	0.110123
0.937276	0.110336
0.936677	0.110557
0.936078	0.110784
0.935478	0.111014
0.934879	0.111246
0.93428	0.111477
0.93368	0.111706
0.933081	0.111931
0.932482	0.11215
0.931882	0.112362
0.931283	0.112564
0.930684	0.112757
0.930084	0.11294
0.929485	0.113115
0.928886	0.113285
0.928286	0.113452
0.927687	0.113618
0.927087	0.113785
0.926488	0.113956
0.925889	0.114132
0.925289	0.114316
0.92469	0.114509
0.924091	0.114715
0.923491	0.114934
0.922892	0.115169
0.922293	0.115419
0.921693	0.115686
0.921094	0.115969
0.920495	0.116263
0.919895	0.116567
0.919296	0.116876
0.918697	0.117187
0.918097	0.117497
0.917498	0.117802
0.916898	0.118101
0.916299	0.118389
0.915699	0.118665
0.9151	0.118924
0.914501	0.119164
0.913901	0.119384
0.913302	0.119581
0.912703	0.119758
0.912103	0.119917
0.911504	0.120062
0.910905	0.120195
0.910305	0.120321
0.909706	0.120441
0.909106	0.120558
0.908507	0.120675
0.907908	0.120794
0.907309	0.120916
0.906709	0.121045
0.90611	0.121183
0.90551	0.121332
0.904911	0.121493
0.904312	0.121668
0.903712	0.121857
0.903113	0.122059
0.902514	0.122272
0.901914	0.122494
0.901315	0.122724
0.900715	0.12296
0.900116	0.123201
0.899517	0.123445
0.898917	0.123691
0.898318	0.123936
0.897719	0.124181
0.897119	0.124424
0.89652	0.124662
0.89592	0.124896
0.895321	0.125123
0.894722	0.125344
0.894122	0.125558
0.893523	0.125767
0.892924	0.125971
0.892324	0.12617
0.891725	0.126365
0.891126	0.126557
0.890526	0.126746
0.889927	0.126932
0.889327	0.127117
0.888728	0.127301
0.888129	0.127484
0.887529	0.127666
0.88693	0.127848
0.88633	0.12803
0.885731	0.128213
0.885132	0.128397
0.884532	0.128582
0.883933	0.128768
0.883334	0.128953
0.882734	0.129139
0.882135	0.129324
0.881536	0.129508
0.880936	0.129691
0.880337	0.129873
0.879737	0.130053
0.879138	0.130231
0.878539	0.130407
0.877939	0.13058
0.87734	0.13075
0.876741	0.130917
0.876141	0.13108
0.875542	0.131239
0.874942	0.131395
0.874343	0.131546
0.873744	0.131693
0.873144	0.131839
0.872545	0.131982
0.871946	0.132124
0.871346	0.132265
0.870747	0.132406
0.870148	0.132548
0.869548	0.13269
0.868949	0.132835
0.868349	0.132981
0.86775	0.13313
0.867151	0.133283
0.866551	0.133439
0.865952	0.133601
0.865353	0.133767
0.864753	0.133939
0.864154	0.134117
0.863555	0.1343
0.862955	0.134489
0.862356	0.134682
0.861756	0.13488
0.861157	0.135081
0.860558	0.135285
0.859958	0.13549
0.859359	0.135698
0.858759	0.135906
0.85816	0.136115
0.857561	0.136324
0.856961	0.136533
0.856362	0.13674
0.855763	0.136946
0.855163	0.137149
0.854564	0.13735
0.853964	0.137548
0.853365	0.137742
0.852766	0.137932
0.852166	0.138118
0.851567	0.138301
0.850968	0.138481
0.850368	0.138658
0.849769	0.138832
0.849169	0.139003
0.84857	0.139171
0.847971	0.139337
0.847371	0.1395
0.846772	0.139661
0.846173	0.139819
0.845573	0.139975
0.844974	0.140128
0.844374	0.140279
0.843775	0.140428
0.843176	0.140574
0.842576	0.140717
0.841977	0.140858
0.841378	0.140996
0.840778	0.141133
0.840179	0.141268
0.83958	0.141403
0.83898	0.141536
0.838381	0.141669
0.837782	0.141802
0.837182	0.141935
0.836583	0.142069
0.835983	0.142204
0.835384	0.142341
0.834785	0.142479
0.834185	0.142619
0.833586	0.142762
0.832987	0.142908
0.832387	0.143058
0.831788	0.143211
0.831188	0.143368
0.830589	0.14353
0.82999	0.143696
0.82939	0.143866
0.828791	0.14404
0.828192	0.144217
0.827592	0.144397
0.826993	0.144579
0.826394	0.144763
0.825794	0.144947
0.825195	0.145132
0.824595	0.145317
0.823996	0.145502
0.823397	0.145686
0.822797	0.145869
0.822198	0.14605
0.821598	0.146229
0.820999	0.146406
0.8204	0.146579
0.8198	0.146749
0.819201	0.146914
0.818602	0.147076
0.818002	0.147233
0.817403	0.147385
0.816804	0.147534
0.816204	0.14768
0.815605	0.147822
0.815005	0.147962
0.814406	0.1481
0.813807	0.148236
0.813207	0.148371
0.812608	0.148504
0.812009	0.148637
0.811409	0.148769
0.81081	0.1489
0.810211	0.149032
0.809611	0.149164
0.809012	0.149296
0.808412	0.14943
0.807813	0.149565
0.807214	0.149701
0.806614	0.149839
0.806015	0.14998
0.805416	0.150123
0.804816	0.150268
0.804217	0.150415
0.803618	0.150564
0.803018	0.150716
0.802419	0.150868
0.801819	0.151023
0.80122	0.151179
0.800621	0.151337
0.800021	0.151496
0.799422	0.151657
0.798823	0.151818
0.798223	0.151982
0.797624	0.152146
0.797025	0.152312
0.796425	0.152479
0.795826	0.152648
0.795226	0.152819
0.794627	0.15299
0.794028	0.153164
0.793428	0.153339
0.792829	0.153515
0.792229	0.153693
0.79163	0.153872
0.791031	0.154052
0.790431	0.154233
0.789832	0.154415
0.789233	0.154596
0.788633	0.154779
0.788034	0.154961
0.787434	0.155143
0.786835	0.155324
0.786236	0.155506
0.785636	0.155687
0.785037	0.155867
0.784438	0.156046
0.783838	0.156225
0.783239	0.156402
0.782639	0.156578
0.78204	0.156752
0.78144	0.156925
0.780841	0.157096
0.780242	0.157265
0.779642	0.157432
0.779043	0.157598
0.778444	0.157762
0.777844	0.157924
0.777245	0.158084
0.776646	0.158242
0.776046	0.158398
0.775447	0.158552
0.774847	0.158705
0.774248	0.158855
0.773649	0.159002
0.773049	0.159147
0.77245	0.15929
0.771851	0.15943
0.771251	0.159566
0.770652	0.1597
0.770053	0.159831
0.769453	0.159958
0.768854	0.160081
0.768254	0.1602
0.767655	0.160316
0.767056	0.160428
0.766456	0.160536
0.765857	0.160642
0.765258	0.160745
0.764658	0.160846
0.764059	0.160946
0.76346	0.161044
0.76286	0.161142
0.762261	0.161239
0.761662	0.161336
0.761062	0.161433
0.760463	0.161531
0.759864	0.16163
0.759264	0.16173
0.758665	0.161833
0.758066	0.161938
0.757466	0.162045
0.756867	0.162157
0.756268	0.162272
0.755668	0.162391
0.755069	0.162515
0.754469	0.162644
0.75387	0.162779
0.753271	0.162918
0.752671	0.163063
0.752072	0.163212
0.751473	0.163365
0.750873	0.163521
0.750274	0.163681
0.749674	0.163844
0.749075	0.16401
0.748476	0.164179
0.747876	0.164349
0.747277	0.164522
0.746678	0.164696
0.746078	0.164873
0.745479	0.16505
0.74488	0.165229
0.74428	0.16541
0.743681	0.165591
0.743081	0.165773
0.742482	0.165955
0.741883	0.166138
0.741283	0.166322
0.740684	0.166505
0.740084	0.166688
0.739485	0.166871
0.738886	0.167054
0.738286	0.167236
0.737687	0.167417
0.737087	0.167597
0.736488	0.167777
0.735889	0.167955
0.735289	0.168131
0.73469	0.168306
0.734091	0.168479
0.733491	0.16865
0.732892	0.168819
0.732292	0.168986
0.731693	0.16915
0.731094	0.16931
0.730494	0.169468
0.729895	0.169622
0.729296	0.169772
0.728696	0.169917
0.728097	0.170058
0.727497	0.170194
0.726898	0.170324
0.726299	0.170449
0.725699	0.170569
0.7251	0.170685
0.724501	0.170797
0.723901	0.170906
0.723302	0.171013
0.722703	0.171117
0.722103	0.171221
0.721504	0.171323
0.720905	0.171425
0.720305	0.171527
0.719706	0.171629
0.719106	0.171732
0.718507	0.171837
0.717908	0.171944
0.717308	0.172053
0.716709	0.172165
0.71611	0.172281
0.71551	0.172402
0.714911	0.172527
0.714312	0.172657
0.713712	0.172794
0.713113	0.172936
0.712513	0.173085
0.711914	0.173241
0.711315	0.173403
0.710715	0.17357
0.710116	0.173742
0.709517	0.173918
0.708917	0.174097
0.708318	0.174279
0.707719	0.174463
0.707119	0.174649
0.70652	0.174836
0.70592	0.175024
0.705321	0.175211
0.704722	0.175399
0.704122	0.175585
0.703523	0.175769
0.702924	0.175952
0.702324	0.176132
0.701725	0.176308
0.701125	0.176481
0.700526	0.176649
0.699926	0.176812
0.699327	0.176968
0.698728	0.177118
0.698128	0.177261
0.697529	0.177398
0.69693	0.177527
0.69633	0.177651
0.695731	0.17777
0.695132	0.177885
0.694532	0.177995
0.693933	0.178102
0.693334	0.178206
0.692734	0.178308
0.692135	0.178408
0.691536	0.178506
0.690936	0.178603
0.690337	0.1787
0.689737	0.178796
0.689138	0.178892
0.688539	0.178989
0.687939	0.179087
0.68734	0.179186
0.686741	0.179287
0.686141	0.179391
0.685542	0.179497
0.684943	0.179606
0.684343	0.179719
0.683744	0.179835
0.683144	0.179955
0.682545	0.180079
0.681946	0.180206
0.681346	0.180336
0.680747	0.180469
0.680148	0.180605
0.679548	0.180743
0.678949	0.180883
0.67835	0.181025
0.67775	0.181169
0.677151	0.181315
0.676552	0.181463
0.675952	0.181612
0.675353	0.181762
0.674753	0.181914
0.674154	0.182068
0.673554	0.182222
0.672955	0.182378
0.672356	0.182535
0.671756	0.182693
0.671157	0.182852
0.670558	0.183011
0.669958	0.183172
0.669359	0.183333
0.668759	0.183495
0.66816	0.183657
0.667561	0.18382
0.666961	0.183983
0.666362	0.184147
0.665763	0.18431
0.665163	0.184474
0.664564	0.184638
0.663964	0.184803
0.663365	0.184967
0.662766	0.185131
0.662166	0.185295
0.661567	0.18546
0.660967	0.185624
0.660368	0.185788
0.659769	0.185952
0.659169	0.186115
0.65857	0.186279
0.65797	0.186442
0.657371	0.186605
0.656772	0.186767
0.656172	0.186929
0.655573	0.187091
0.654974	0.187252
0.654374	0.187412
0.653775	0.187572
0.653175	0.18773
0.652576	0.187889
0.651977	0.188046
0.651377	0.188202
0.650778	0.188358
0.650179	0.188513
0.649579	0.188666
0.64898	0.188819
0.64838	0.18897
0.647781	0.18912
0.647182	0.189269
0.646582	0.189416
0.645983	0.189562
0.645383	0.189706
0.644784	0.189848
0.644185	0.189989
0.643585	0.190127
0.642986	0.190263
0.642386	0.190397
0.641787	0.190529
0.641188	0.190658
0.640588	0.190784
0.639989	0.190907
0.63939	0.191027
0.63879	0.191144
0.638191	0.191258
0.637592	0.19137
0.636992	0.191479
0.636393	0.191587
0.635793	0.191693
0.635194	0.191798
0.634595	0.191903
0.633995	0.192006
0.633396	0.192109
0.632796	0.192212
0.632197	0.192316
0.631598	0.19242
0.630998	0.192525
0.630399	0.192631
0.6298	0.192738
0.6292	0.192847
0.628601	0.192958
0.628002	0.193072
0.627402	0.193188
0.626803	0.193307
0.626203	0.19343
0.625604	0.193556
0.625005	0.193687
0.624405	0.193821
0.623806	0.19396
0.623207	0.194104
0.622607	0.194251
0.622008	0.194402
0.621408	0.194556
0.620809	0.194714
0.620209	0.194874
0.61961	0.195037
0.619011	0.195202
0.618411	0.195369
0.617812	0.195537
0.617212	0.195707
0.616613	0.195879
0.616014	0.196052
0.615414	0.196225
0.614815	0.196399
0.614215	0.196574
0.613616	0.196748
0.613017	0.196922
0.612417	0.197096
0.611818	0.197269
0.611218	0.197441
0.610619	0.197612
0.61002	0.197781
0.60942	0.197949
0.608821	0.198115
0.608221	0.198279
0.607622	0.198442
0.607023	0.198603
0.606423	0.198763
0.605824	0.198922
0.605224	0.19908
0.604625	0.199238
0.604025	0.199394
0.603426	0.19955
0.602826	0.199705
0.602227	0.19986
0.601628	0.200014
0.601028	0.200168
0.600429	0.200321
0.599829	0.200474
0.59923	0.200627
0.598631	0.20078
0.598031	0.200932
0.597432	0.201084
0.596832	0.201236
0.596233	0.201389
0.595634	0.201541
0.595034	0.201693
0.594435	0.201846
0.593835	0.201999
0.593236	0.202152
0.592636	0.202306
0.592037	0.20246
0.591437	0.202614
0.590838	0.202768
0.590238	0.202922
0.589639	0.203076
0.589039	0.20323
0.58844	0.203384
0.587841	0.203537
0.587241	0.20369
0.586642	0.203843
0.586042	0.203996
0.585443	0.204148
0.584844	0.2043
0.584244	0.204451
0.583645	0.204602
0.583045	0.204753
0.582446	0.204903
0.581846	0.205052
0.581247	0.205201
0.580648	0.205349
0.580048	0.205496
0.579449	0.205642
0.578849	0.205787
0.578249	0.205932
0.57765	0.206075
0.57705	0.206218
0.57645	0.206359
0.575851	0.2065
0.575252	0.20664
0.574652	0.206779
0.574053	0.206918
0.573453	0.207056
0.572854	0.207194
0.572255	0.207332
0.571655	0.207469
0.571056	0.207605
0.570456	0.207742
0.569857	0.207878
0.569257	0.208014
0.568658	0.20815
0.568059	0.208285
0.567459	0.208421
0.56686	0.208556
0.56626	0.208691
0.565661	0.208826
0.565061	0.208961
0.564462	0.209095
0.563861	0.20923
0.563262	0.209364
0.562662	0.209498
0.41861	-0.788734
0.41801	-0.789966
0.417411	-0.7912
0.416811	-0.792436
0.416212	-0.793674
0.415612	-0.794915
0.415012	-0.796158
0.414413	-0.797403
0.413813	-0.79865
0.413213	-0.799899
0.412614	-0.801151
0.412014	-0.802406
0.411414	-0.803664
0.410814	-0.804925
0.410214	-0.806188
0.409614	-0.807454
0.409015	-0.808724
0.408415	-0.809998
0.407815	-0.811275
0.407216	-0.812556
0.406616	-0.81384
0.406016	-0.815128
0.405416	-0.816419
0.404817	-0.817714
0.404217	-0.819011
0.403617	-0.820311
0.403018	-0.821614
0.402418	-0.822919
0.401818	-0.824226
0.401218	-0.825534
0.400618	-0.826844
0.400019	-0.828155
0.399419	-0.829467
0.398819	-0.83078
0.398219	-0.832093
0.39762	-0.833406
0.39702	-0.834719
0.39642	-0.83603
0.39582	-0.837341
0.39522	-0.83865
0.394621	-0.839957
0.394021	-0.841261
0.393421	-0.842563
0.392821	-0.843861
0.392221	-0.845156
0.391621	-0.846447
0.391021	-0.847735
0.390421	-0.849019
0.389821	-0.850299
0.389221	-0.851575
0.388621	-0.852848
0.388021	-0.854118
0.387421	-0.855386
0.386821	-0.856651
0.386221	-0.857915
0.385621	-0.859178
0.385021	-0.860439
0.384421	-0.8617
0.383822	-0.862961
0.383222	-0.864222
0.382622	-0.865484
0.382022	-0.866746
0.381422	-0.868009
0.380822	-0.869274
0.380222	-0.870541
0.379622	-0.871809
0.379022	-0.87308
0.378422	-0.874354
0.377822	-0.875631
0.377223	-0.876911
0.376623	-0.878195
0.376023	-0.879482
0.375423	-0.880772
0.374823	-0.882066
0.374223	-0.883363
0.373623	-0.884662
0.373023	-0.885964
0.372423	-0.887268
0.371823	-0.888574
0.371223	-0.889881
0.370623	-0.89119
0.370023	-0.8925
0.369423	-0.893811
0.368823	-0.895124
0.368223	-0.896436
0.367623	-0.89775
0.367023	-0.899063
0.366423	-0.900377
0.365823	-0.901691
0.365223	-0.903004
0.364623	-0.904317
0.364023	-0.90563
0.363423	-0.906942
0.362823	-0.908253
0.362223	-0.909563
0.361623	-0.910873
0.361023	-0.91218
0.360423	-0.913486
0.359823	-0.914791
0.359223	-0.916093
0.358623	-0.917395
0.358023	-0.918694
0.357423	-0.919992
0.356823	-0.921289
0.356223	-0.922584
0.355623	-0.923879
0.355023	-0.925171
0.354422	-0.926463
0.353822	-0.927753
0.353222	-0.929043
0.352621	-0.930331
0.352021	-0.931617
0.351421	-0.932902
0.35082	-0.934186
0.35022	-0.935468
0.349619	-0.936748
0.349019	-0.938027
0.348418	-0.939303
0.347818	-0.940578
0.347217	-0.941852
0.346617	-0.943126
0.346016	-0.944397
0.345416	-0.945665
0.344816	-0.946931
0.344215	-0.948195
0.343615	-0.949457
0.343015	-0.950717
0.342414	-0.951977
0.341814	-0.953235
0.341214	-0.954493
0.340614	-0.955752
0.340014	-0.95701
0.339414	-0.958269
0.338814	-0.959529
0.338214	-0.96079
0.337614	-0.962052
0.337013	-0.963316
0.336413	-0.964583
0.335813	-0.965853
0.335213	-0.967126
0.334613	-0.968403
0.334013	-0.969684
0.333413	-0.97097
0.332812	-0.972261
0.332212	-0.973558
0.331612	-0.974862
0.331012	-0.976171
0.330411	-0.977487
0.329811	-0.978809
0.329211	-0.980138
0.328611	-0.981472
0.328011	-0.98281
0.327411	-0.984153
0.326811	-0.985499
0.326211	-0.986848
0.325611	-0.9882
0.32501	-0.989554
0.32441	-0.99091
0.32381	-0.992267
0.32321	-0.993625
0.32261	-0.994985
0.32201	-0.996344
0.32141	-0.997704
0.32081	-0.999064
0.32021	-1.00042
0.31961	-1.00178
0.31901	-1.00314
0.31841	-1.0045
0.31781	-1.00585
0.31721	-1.0072
0.31661	-1.00855
0.31601	-1.0099
0.31541	-1.01124
0.31481	-1.01257
0.31421	-1.0139
0.31361	-1.01523
0.313011	-1.01656
0.312411	-1.01788
0.311811	-1.0192
0.311211	-1.02053
0.310611	-1.02185
0.310011	-1.02316
0.309411	-1.02448
0.308811	-1.0258
0.308211	-1.02712
0.307611	-1.02845
0.307011	-1.02977
0.306411	-1.0311
0.305811	-1.03243
0.305211	-1.03376
0.304611	-1.0351
0.304011	-1.03645
0.303412	-1.0378
0.302812	-1.03915
0.302212	-1.04052
0.301612	-1.04189
0.301012	-1.04327
0.300412	-1.04465
0.299812	-1.04605
0.299212	-1.04745
0.298613	-1.04886
0.298013	-1.05027
0.297413	-1.05169
0.296813	-1.05311
0.296213	-1.05454
0.295613	-1.05597
0.295013	-1.05741
0.294413	-1.05885
0.293812	-1.06029
0.293212	-1.06174
0.292612	-1.06318
0.292012	-1.06463
0.291412	-1.06608
0.290813	-1.06753
0.290213	-1.06898
0.289613	-1.07043
0.289013	-1.07187
0.288414	-1.07332
0.287814	-1.07476
0.287214	-1.0762
0.286614	-1.07763
0.286015	-1.07905
0.285415	-1.08048
0.284815	-1.08189
0.284215	-1.08331
0.283616	-1.08471
0.283016	-1.08612
0.282416	-1.08752
0.281817	-1.08892
0.281217	-1.09032
0.280617	-1.09171
0.280018	-1.09311
0.279418	-1.0945
0.278818	-1.0959
0.278219	-1.09729
0.277619	-1.09869
0.27702	-1.10009
0.27642	-1.10149
0.27582	-1.1029
0.275221	-1.1043
0.274621	-1.10572
0.274022	-1.10713
0.273422	-1.10856
0.272823	-1.10998
0.272223	-1.11142
0.271623	-1.11286
0.271024	-1.1143
0.270424	-1.11576
0.269825	-1.11721
0.269226	-1.11868
0.268626	-1.12015
0.268027	-1.12162
0.267427	-1.1231
0.266828	-1.12459
0.266228	-1.12608
0.265629	-1.12757
0.265029	-1.12907
0.26443	-1.13057
0.263831	-1.13208
0.263231	-1.13358
0.262632	-1.1351
0.262033	-1.13661
0.261433	-1.13813
0.260833	-1.13965
0.260233	-1.14117
0.259634	-1.1427
0.259034	-1.14422
0.258435	-1.14575
0.257836	-1.14728
0.257237	-1.14882
0.256637	-1.15035
0.256038	-1.15189
0.255439	-1.15343
0.25484	-1.15497
0.254241	-1.15652
0.253641	-1.15807
0.253042	-1.15962
0.252443	-1.16117
0.251844	-1.16273
0.251245	-1.16428
0.250646	-1.16584
0.250047	-1.16741
0.249447	-1.16897
0.248848	-1.17054
0.248249	-1.17211
0.24765	-1.17369
0.247051	-1.17527
0.246452	-1.17685
0.245853	-1.17843
0.245254	-1.18002
0.244655	-1.18162
0.244056	-1.18322
0.243457	-1.18482
0.242858	-1.18642
0.242259	-1.18803
0.24166	-1.18965
0.241061	-1.19126
0.240462	-1.19288
0.239864	-1.1945
0.239265	-1.19613
0.238666	-1.19775
0.238067	-1.19938
0.237468	-1.20101
0.236869	-1.20264
0.236271	-1.20427
0.235672	-1.2059
0.235073	-1.20753
0.234475	-1.20917
0.233876	-1.2108
0.233277	-1.21244
0.232679	-1.21407
0.23208	-1.21571
0.231482	-1.21734
0.230883	-1.21898
0.230284	-1.22061
0.229686	-1.22224
0.229087	-1.22388
0.228488	-1.22552
0.227889	-1.22715
0.227291	-1.22879
0.226692	-1.23043
0.226094	-1.23207
0.225496	-1.23371
0.224897	-1.23535
0.224299	-1.237
0.223701	-1.23865
0.223102	-1.24031
0.222504	-1.24197
0.221906	-1.24363
0.221307	-1.2453
0.220709	-1.24697
0.22011	-1.24866
0.219512	-1.25034
0.218914	-1.25204
0.218316	-1.25374
0.217718	-1.25545
0.21712	-1.25717
0.216521	-1.2589
0.215923	-1.26063
0.215325	-1.26238
0.214727	-1.26413
0.21413	-1.26589
0.213532	-1.26765
0.212934	-1.26943
0.212336	-1.27121
0.211738	-1.27299
0.21114	-1.27479
0.210542	-1.27659
0.209944	-1.27839
0.209347	-1.28021
0.208749	-1.28203
0.208151	-1.28385
0.207553	-1.28568
0.206956	-1.28752
0.206358	-1.28936
0.20576	-1.29121
0.205162	-1.29306
0.204565	-1.29492
0.203967	-1.29679
0.20337	-1.29865
0.202772	-1.30053
0.202175	-1.30241
0.201577	-1.30429
0.20098	-1.30617
0.200383	-1.30807
0.199785	-1.30996
0.199188	-1.31186
0.19859	-1.31376
0.197992	-1.31567
0.197395	-1.31758
0.196798	-1.31949
0.196201	-1.32141
0.195603	-1.32332
0.195006	-1.32524
0.194409	-1.32716
0.193812	-1.32908
0.193215	-1.331
0.192618	-1.33293
0.19202	-1.33485
0.191423	-1.33677
0.190826	-1.3387
0.190229	-1.34062
0.189633	-1.34255
0.189036	-1.34447
0.188439	-1.34641
0.187842	-1.34834
0.187246	-1.35028
0.186649	-1.35222
0.186052	-1.35417
0.185455	-1.35613
0.184859	-1.35809
0.184262	-1.36006
0.183666	-1.36204
0.183069	-1.36403
0.182473	-1.36603
0.181877	-1.36804
0.18128	-1.37006
0.180684	-1.3721
0.180088	-1.37415
0.179491	-1.37621
0.178895	-1.37829
0.178299	-1.38038
0.177703	-1.38249
0.177107	-1.38461
0.176511	-1.38674
0.175915	-1.38888
0.175319	-1.39103
0.174723	-1.39319
0.174127	-1.39535
0.173531	-1.39753
0.172935	-1.39971
0.172339	-1.40189
0.171744	-1.40408
0.171148	-1.40627
0.170552	-1.40846
0.169957	-1.41066
0.16936	-1.41286
0.168765	-1.41505
0.168169	-1.41725
0.167574	-1.41944
0.166979	-1.42163
0.166383	-1.42381
0.165788	-1.426
0.165193	-1.42818
0.164597	-1.43037
0.164001	-1.43257
0.163406	-1.43476
0.162811	-1.43696
0.162216	-1.43917
0.161621	-1.44139
0.161026	-1.44361
0.160431	-1.44585
0.159836	-1.4481
0.15924	-1.45037
0.158646	-1.45265
0.158051	-1.45494
0.157456	-1.45726
0.156862	-1.45959
0.156267	-1.46195
0.155673	-1.46432
0.155078	-1.46672
0.154483	-1.46915
0.153889	-1.47159
0.153295	-1.47405
0.152701	-1.47654
0.152106	-1.47903
0.151512	-1.48155
0.150918	-1.48408
0.150324	-1.48663
0.14973	-1.48919
0.149136	-1.49176
0.148542	-1.49434
0.147949	-1.49693
0.147355	-1.49952
0.146761	-1.50213
0.146168	-1.50474
0.145574	-1.50736
0.14498	-1.50998
0.144387	-1.5126
0.143794	-1.51522
0.1432	-1.51785
0.142607	-1.52049
0.142014	-1.52313
0.14142	-1.52577
0.140827	-1.52843
0.140234	-1.5311
0.139641	-1.53378
0.139048	-1.53647
0.138455	-1.53919
0.137862	-1.54192
0.137269	-1.54467
0.136676	-1.54744
0.136084	-1.55023
0.135491	-1.55305
0.134899	-1.5559
0.134306	-1.55877
0.133713	-1.56168
0.13312	-1.56462
0.132528	-1.56759
0.131936	-1.57059
0.131344	-1.57361
0.130752	-1.57665
0.130159	-1.57972
0.129566	-1.58281
0.128974	-1.5859
0.128382	-1.58901
0.127791	-1.59211
0.127199	-1.59522
0.126608	-1.59833
0.126015	-1.60145
0.125424	-1.60455
0.124832	-1.60763
0.124241	-1.6107
0.12365	-1.61375
0.123059	-1.61679
0.122468	-1.6198
0.121877	-1.62279
0.121286	-1.62576
0.120696	-1.62872
0.120105	-1.63168
0.119515	-1.63464
0.118925	-1.63761
0.118334	-1.6406
0.117744	-1.64361
0.117154	-1.64666
0.116564	-1.64974
0.115974	-1.65287
0.115385	-1.65605
0.114795	-1.65929
0.114205	-1.6626
0.113616	-1.66598
0.113026	-1.66945
0.112437	-1.673
0.111847	-1.67663
0.111258	-1.68035
0.110669	-1.68414
0.11008	-1.688
0.109491	-1.69191
0.108901	-1.69587
0.108312	-1.69986
0.107723	-1.70387
0.107134	-1.7079
0.106546	-1.71193
0.105957	-1.71596
0.105367	-1.71998
0.104779	-1.72398
0.104191	-1.72794
0.103603	-1.73186
0.103015	-1.73574
0.102426	-1.73957
0.101837	-1.74335
0.10125	-1.74708
0.100662	-1.75077
0.100075	-1.75445
0.0994865	-1.75812
0.0988984	-1.76181
0.0983117	-1.7655
0.0977252	-1.76923
0.0971386	-1.773
0.0965509	-1.77684
0.0959635	-1.78075
0.0953774	-1.78476
0.0947915	-1.78888
0.0942056	-1.79312
0.0936191	-1.7975
0.0930322	-1.802
0.0924467	-1.8066
0.0918612	-1.81133
0.0912758	-1.81616
0.0906903	-1.82109
0.0901047	-1.8261
0.0895197	-1.83116
0.0889348	-1.83626
0.0883501	-1.84139
0.0877652	-1.84653
0.0871806	-1.85167
0.0865964	-1.85679
0.0860123	-1.86189
0.0854283	-1.86694
0.0848445	-1.87193
0.0842609	-1.87687
0.0836775	-1.88174
0.0830943	-1.88653
0.0825113	-1.89128
0.0819284	-1.896
0.0813458	-1.9007
0.0807634	-1.90541
0.0801812	-1.91016
0.0795989	-1.91494
0.079017	-1.91979
0.0784353	-1.92473
0.0778538	-1.92978
0.0772724	-1.93499
0.0766911	-1.94035
0.0761101	-1.94589
0.0755292	-1.95157
0.0749485	-1.95742
0.0743678	-1.96342
0.0737874	-1.96956
0.0732071	-1.97584
0.072627	-1.98223
0.072047	-1.9887
0.0714673	-1.99525
0.0708878	-2.00185
0.0703084	-2.00849
0.0697292	-2.01515
0.0691503	-2.02182
0.0685716	-2.02848
0.0679932	-2.03512
0.0674149	-2.04174
0.066837	-2.04832
0.0662594	-2.05488
0.065682	-2.06144
0.0651046	-2.06801
0.0645277	-2.07462
0.0639512	-2.0813
0.0633749	-2.08806
0.0627986	-2.09494
0.0622228	-2.10194
0.0616473	-2.10909
0.0610717	-2.11644
0.0604964	-2.12397
0.0599216	-2.1317
0.059347	-2.13963
0.0587726	-2.14779
0.0581984	-2.15616
0.0576246	-2.1647
0.057051	-2.17341
0.0564776	-2.18226
0.0559046	-2.19124
0.0553319	-2.20033
0.0547594	-2.2095
0.0541873	-2.21876
0.0536156	-2.22809
0.0530442	-2.23746
0.0524729	-2.24689
0.0519022	-2.25635
0.051332	-2.26584
0.0507618	-2.2754
0.0501921	-2.28501
0.0496231	-2.2947
0.0490543	-2.30449
0.0484855	-2.3144
0.0479177	-2.32443
0.0473503	-2.33459
0.0467827	-2.34492
0.0462161	-2.3554
0.04565	-2.36605
0.045084	-2.37691
0.0445186	-2.38795
0.0439538	-2.39919
0.0433895	-2.41063
0.0428255	-2.42226
0.0422621	-2.43409
0.041699	-2.44611
0.0411365	-2.45834
0.0405747	-2.47077
0.0400132	-2.48342
0.0394523	-2.4963
0.0388921	-2.5094
0.0383324	-2.52275
0.0377731	-2.53635
0.0372146	-2.55022
0.0366562	-2.56437
0.0360987	-2.57882
0.035542	-2.59357
0.0349858	-2.60864
0.0344302	-2.62405
0.0338755	-2.6398
0.0333206	-2.65594
0.0327673	-2.67243
0.0322141	-2.68931
0.0316613	-2.70656
0.0311102	-2.72413
0.0305596	-2.74204
0.0300099	-2.76029
0.0294613	-2.77885
0.0289128	-2.79776
0.028366	-2.81697
0.02782	-2.83652
0.0272746	-2.85643
0.0267308	-2.87669
0.0261879	-2.89736
0.0256463	-2.91846
0.0251057	-2.94005
0.0245662	-2.96217
0.0240279	-2.98483
0.0234908	-3.00807
0.0229549	-3.03192
0.0224202	-3.05641
0.0218869	-3.08153
0.0213548	-3.10722
0.0208242	-3.13342
0.020295	-3.16008
0.0197672	-3.18716
0.0192413	-3.2146
0.0187169	-3.24243
0.0181946	-3.27056
0.0176742	-3.29904
0.0171557	-3.32792
0.0166394	-3.35724
0.0161253	-3.38734
0.0156132	-3.41911
0.0151033	-3.45372
0.014596	-3.49229
0.014091	-3.53583
0.0135882	-3.58502
0.0130883	-3.63997
0.0125912	-3.69976
0.012097	-3.76183
0.011606	-3.82228
0.0111184	-3.87876
0.0106343	-3.93217
0.0101539	-3.98413
0.0096771	-4.03501
0.00920445	-4.08466
0.00873639	-4.1331
0.00827301	-4.18043
0.0078153	-4.22684
0.00736309	-4.27264
0.00691672	-4.31789
0.0064764	-4.36274
0.00604292	-4.40758
0.00561706	-4.45239
0.00519896	-4.49658
0.00478942	-4.54084
0.0043891	-4.58583
0.0039986	-4.63112
0.00361873	-4.67623
0.00325025	-4.7203
0.00289385	-4.7619
0.00255062	-4.79726
0.00222187	-4.82827
0.00190901	-4.85606
0.001613	-4.87537
0.00133581	-4.88017
0.00107882	-4.8687
0.000843814	-4.84015
0.000632971	-4.78588
0.000448039	-4.69809
0.000290472	-4.57767
0.000161505	-4.42954
6.19485e-05	-4.2563
-7.20846e-06	-4.06025
-4.50295e-05	-3.84361
-5.06037e-05	-3.60726
-2.2987e-05	-3.34911
3.86961e-05	-3.0697
0.000134117	-2.7798
0.000261931	-2.48644
0.000420828	-2.19175
0.000609532	-1.90517
0.000826802	-1.6328
0.00107186	-1.37393
0.00134319	-1.12757
0.0016402	-0.894105
0.0019607	-0.677548
0.00230246	-0.479779
0.00266387	-0.30063
0.003043	-0.139775
0.00343788	0.00359781
0.0038474	0.13098
0.00426996	0.243607
0.00470404	0.342667
0.00514872	0.429594
0.00560305	0.505926
0.00606641	0.573094
0.00653822	0.632248
0.00701773	0.684309
0.00750457	0.73008
0.00799831	0.77023
0.0084983	0.805319
0.00900393	0.835871
0.00951455	0.862363
0.0100302	0.885259
0.0105498	0.904949
0.0110733	0.921842
0.0116005	0.936287
0.0121312	0.948561
0.0126652	0.958918
0.0132023	0.967591
0.0137425	0.974776
0.0142854	0.980637
0.0148309	0.985332
0.0153792	0.988995
0.0159291	0.991735
0.0164817	0.99367
0.41861	-0.788734
0.41921	-0.787503
0.419809	-0.786275
0.420409	-0.785049
0.421008	-0.783824
0.421608	-0.782602
0.422208	-0.781382
0.422807	-0.780164
0.423407	-0.778948
0.424006	-0.777734
0.424606	-0.776523
0.425206	-0.775313
0.425805	-0.774106
0.426405	-0.772901
0.427004	-0.771699
0.427604	-0.770499
0.428203	-0.769301
0.428803	-0.768106
0.429403	-0.766913
0.430002	-0.765723
0.430602	-0.764535
0.431201	-0.76335
0.431801	-0.762168
0.4324	-0.760988
0.433	-0.759811
0.433599	-0.758636
0.434199	-0.757465
0.434798	-0.756296
0.435398	-0.75513
0.435997	-0.753968
0.436597	-0.752809
0.437196	-0.751653
0.437796	-0.750501
0.438395	-0.749352
0.438995	-0.748207
0.439594	-0.747065
0.440193	-0.745927
0.440793	-0.744792
0.441392	-0.74366
0.441992	-0.74253
0.442592	-0.741403
0.443192	-0.740279
0.443792	-0.739158
0.444391	-0.73804
0.444991	-0.736924
0.44559	-0.735811
0.446189	-0.734699
0.446789	-0.733591
0.447388	-0.732484
0.447988	-0.731379
0.448587	-0.730277
0.449186	-0.729176
0.449786	-0.728077
0.450385	-0.726981
0.450984	-0.725886
0.451584	-0.724794
0.452183	-0.723703
0.452782	-0.722614
0.453382	-0.721527
0.453981	-0.720442
0.454581	-0.719357
0.455181	-0.718274
0.455782	-0.717192
0.456383	-0.716111
0.456983	-0.715033
0.457582	-0.713958
0.458182	-0.712884
0.458781	-0.711812
0.45938	-0.71074
0.459979	-0.70967
0.460579	-0.708601
0.461178	-0.707533
0.461777	-0.706465
0.462376	-0.705399
0.462976	-0.704333
0.463575	-0.703267
0.464174	-0.702202
0.464773	-0.701137
0.465373	-0.700073
0.465972	-0.69901
0.466571	-0.697945
0.467172	-0.69688
0.467772	-0.695815
0.468373	-0.694749
0.468973	-0.693684
0.469573	-0.69262
0.470172	-0.691558
0.470771	-0.690495
0.47137	-0.689434
0.471969	-0.688374
0.472569	-0.687314
0.473168	-0.686256
0.473767	-0.685199
0.474366	-0.684144
0.474965	-0.683091
0.475564	-0.68204
0.476163	-0.68099
0.476762	-0.679942
0.477361	-0.678896
0.477961	-0.677852
0.47856	-0.67681
0.479159	-0.675769
0.479759	-0.67473
0.480359	-0.673693
0.480959	-0.672659
0.481558	-0.671629
0.482157	-0.670602
0.482756	-0.669577
0.483355	-0.668555
0.483954	-0.667537
0.484553	-0.666523
0.485152	-0.665512
0.485751	-0.664505
0.48635	-0.663502
0.486949	-0.662503
0.487548	-0.661508
0.488147	-0.660516
0.488746	-0.659527
0.489345	-0.65854
0.489944	-0.657557
0.490543	-0.656575
0.491142	-0.655595
0.491741	-0.654616
0.49234	-0.653639
0.492939	-0.652664
0.493538	-0.65169
0.494137	-0.650716
0.494736	-0.649743
0.495335	-0.64877
0.495934	-0.647797
0.496533	-0.646824
0.497132	-0.64585
0.497731	-0.644875
0.498329	-0.643898
0.498928	-0.64292
0.499527	-0.641939
0.500126	-0.640955
0.500725	-0.639968
0.501324	-0.638978
0.501923	-0.637983
0.502522	-0.636985
0.503121	-0.635984
0.503719	-0.634981
0.504318	-0.633974
0.504917	-0.632966
0.505516	-0.631956
0.506115	-0.630945
0.506713	-0.629933
0.507312	-0.628921
0.507911	-0.627909
0.50851	-0.626897
0.509108	-0.625887
0.509707	-0.624878
0.510306	-0.62387
0.510905	-0.622864
0.511505	-0.62186
0.512104	-0.62086
0.512702	-0.619863
0.513301	-0.61887
0.5139	-0.617881
0.514498	-0.616897
0.515097	-0.615917
0.515696	-0.614943
0.516294	-0.613975
0.516893	-0.613013
0.517492	-0.612058
0.51809	-0.611111
0.518689	-0.610169
0.519288	-0.609234
0.519887	-0.608303
0.520487	-0.607377
0.521086	-0.606455
0.521685	-0.605538
0.522284	-0.604625
0.522883	-0.603715
0.523481	-0.602807
0.52408	-0.6019
0.524678	-0.600995
0.525277	-0.600091
0.525876	-0.599186
0.526474	-0.598282
0.527073	-0.597378
0.527671	-0.596472
0.52827	-0.595564
0.528869	-0.594654
0.529469	-0.59374
0.530069	-0.592824
0.530668	-0.591905
0.531266	-0.590982
0.531865	-0.590055
0.532463	-0.589121
0.533061	-0.588182
0.53366	-0.587236
0.534258	-0.586285
0.534857	-0.585327
0.535455	-0.584365
0.536054	-0.583399
0.536652	-0.582429
0.537251	-0.581455
0.53785	-0.580478
0.538449	-0.579498
0.539048	-0.578517
0.539647	-0.577537
0.540245	-0.576556
0.540843	-0.575575
0.541442	-0.574594
0.54204	-0.573614
0.542638	-0.572636
0.543237	-0.57166
0.543835	-0.570686
0.544433	-0.569715
0.545032	-0.568747
0.54563	-0.567783
0.546228	-0.566824
0.546827	-0.565869
0.547426	-0.56492
0.548024	-0.563978
0.548622	-0.563043
0.549221	-0.562115
0.549819	-0.561194
0.550417	-0.560281
0.551015	-0.559373
0.551614	-0.558472
0.552212	-0.557576
0.55281	-0.556684
0.553409	-0.555797
0.554007	-0.554914
0.554605	-0.554033
0.555203	-0.553155
0.555802	-0.552279
0.5564	-0.551405
0.556998	-0.550531
0.557596	-0.549659
0.558194	-0.548786
0.558793	-0.547914
0.559391	-0.547041
0.559989	-0.546166
0.560587	-0.545291
0.561185	-0.544413
0.561783	-0.543534
0.562381	-0.542651
0.56298	-0.541765
0.563578	-0.540875
0.564176	-0.539981
0.564774	-0.539082
0.565372	-0.538179
0.56597	-0.537271
0.566568	-0.536359
0.567166	-0.535444
0.567764	-0.534525
0.568362	-0.533603
0.56896	-0.532678
0.569558	-0.531752
0.570156	-0.530823
0.570754	-0.529893
0.571353	-0.528961
0.571951	-0.528029
0.572549	-0.527096
0.573147	-0.526163
0.573745	-0.525231
0.574343	-0.524298
0.574941	-0.523367
0.575539	-0.522436
0.576137	-0.521506
0.576735	-0.520578
0.577332	-0.519652
0.577931	-0.518727
0.578529	-0.517804
0.579128	-0.516884
0.579726	-0.515968
0.580323	-0.515054
0.580921	-0.514144
0.581519	-0.513238
0.582117	-0.512334
0.582715	-0.511433
0.583313	-0.510534
0.58391	-0.509638
0.584508	-0.508745
0.585106	-0.507853
0.585705	-0.506962
0.586303	-0.506073
0.586901	-0.505186
0.587499	-0.504301
0.588097	-0.503418
0.588695	-0.502536
0.589293	-0.501655
0.58989	-0.500775
0.590488	-0.499896
0.591086	-0.499017
0.591684	-0.49814
0.592281	-0.497262
0.59288	-0.496385
0.593478	-0.495507
0.594077	-0.494631
0.594674	-0.493755
0.595272	-0.49288
0.59587	-0.492005
0.596467	-0.49113
0.597065	-0.490255
0.597663	-0.489379
0.59826	-0.488504
0.598858	-0.487629
0.599456	-0.486754
0.600054	-0.485878
0.600652	-0.485001
0.60125	-0.484125
0.601848	-0.48325
0.602446	-0.482375
0.603043	-0.481499
0.603641	-0.480624
0.604238	-0.479748
0.604836	-0.478872
0.605433	-0.477996
0.606031	-0.47712
0.606628	-0.476244
0.607226	-0.475366
0.607824	-0.474488
0.608422	-0.47361
0.60902	-0.472731
0.609617	-0.471853
0.610215	-0.470973
0.610812	-0.470093
0.61141	-0.469212
0.612007	-0.46833
0.612604	-0.467448
0.613202	-0.466566
0.613799	-0.465683
0.614397	-0.464799
0.614995	-0.463914
0.615592	-0.46303
0.616189	-0.462147
0.616787	-0.461263
0.617384	-0.460379
0.617982	-0.459495
0.618579	-0.458612
0.619176	-0.45773
0.619774	-0.456848
0.620371	-0.455967
0.620968	-0.455086
0.621566	-0.454207
0.622163	-0.453328
0.62276	-0.452451
0.623358	-0.451574
0.623955	-0.450699
0.624552	-0.449825
0.62515	-0.448953
0.625747	-0.448082
0.626344	-0.447213
0.626941	-0.446345
0.627539	-0.445478
0.628136	-0.444613
0.628733	-0.443749
0.629331	-0.442887
0.629928	-0.442026
0.630525	-0.441165
0.631122	-0.440306
0.631719	-0.439448
0.632317	-0.438591
0.632914	-0.437734
0.633511	-0.436878
0.634108	-0.436023
0.634706	-0.435168
0.635303	-0.434314
0.6359	-0.433461
0.636497	-0.432608
0.637095	-0.431756
0.637692	-0.430904
0.638289	-0.430053
0.638886	-0.429202
0.639483	-0.428351
0.64008	-0.427501
0.640678	-0.42665
0.641275	-0.425799
0.641872	-0.424949
0.642469	-0.424099
0.643067	-0.423249
0.643664	-0.422399
0.644261	-0.421549
0.644858	-0.4207
0.645455	-0.41985
0.646052	-0.419
0.646649	-0.41815
0.647247	-0.417299
0.647844	-0.416448
0.648441	-0.415598
0.649038	-0.414749
0.649635	-0.413899
0.650232	-0.41305
0.650829	-0.412201
0.651426	-0.411352
0.652023	-0.410503
0.65262	-0.409655
0.653217	-0.408806
0.653815	-0.407958
0.654412	-0.407111
0.655009	-0.406265
0.655606	-0.405419
0.656203	-0.404574
0.6568	-0.40373
0.657397	-0.402887
0.657993	-0.402044
0.65859	-0.401202
0.659187	-0.400359
0.659785	-0.399516
0.660382	-0.398673
0.660979	-0.397831
0.661576	-0.396989
0.662173	-0.396146
0.662769	-0.395303
0.663366	-0.39446
0.663963	-0.393615
0.66456	-0.39277
0.665157	-0.391924
0.665754	-0.391076
0.666351	-0.390227
0.666948	-0.389378
0.667545	-0.388528
0.668141	-0.387676
0.668738	-0.386823
0.669334	-0.385968
0.669931	-0.385111
0.670528	-0.384253
0.671124	-0.383392
0.671721	-0.382529
0.672318	-0.381663
0.672915	-0.380796
0.673512	-0.379928
0.674108	-0.379058
0.674705	-0.378186
0.675301	-0.377314
0.675898	-0.37644
0.676494	-0.375566
0.677091	-0.374691
0.677687	-0.373816
0.678284	-0.372941
0.67888	-0.372066
0.679477	-0.371191
0.680073	-0.370317
0.68067	-0.369444
0.681266	-0.368571
0.681863	-0.3677
0.682459	-0.36683
0.683055	-0.365961
0.683652	-0.365094
0.684248	-0.364229
0.684845	-0.363367
0.685441	-0.362507
0.686038	-0.36165
0.686634	-0.360796
0.68723	-0.359945
0.687827	-0.359096
0.688423	-0.358251
0.689019	-0.357407
0.689616	-0.356566
0.690212	-0.355726
0.690809	-0.354888
0.691405	-0.354052
0.692001	-0.353217
0.692598	-0.352382
0.693194	-0.351548
0.69379	-0.350715
0.694386	-0.349882
0.694983	-0.349049
0.695579	-0.348216
0.696176	-0.347383
0.696772	-0.346549
0.697368	-0.345715
0.697964	-0.34488
0.698561	-0.344044
0.699157	-0.343207
0.699753	-0.342369
0.700349	-0.341528
0.700946	-0.340686
0.701542	-0.339842
0.702138	-0.338996
0.702735	-0.338149
0.703331	-0.3373
0.703927	-0.336449
0.704523	-0.335597
0.705119	-0.334743
0.705715	-0.333888
0.706312	-0.333032
0.706908	-0.332175
0.707504	-0.331317
0.7081	-0.330459
0.708696	-0.3296
0.709292	-0.328741
0.709888	-0.327881
0.710484	-0.327021
0.71108	-0.326161
0.711677	-0.325299
0.712274	-0.324438
0.71287	-0.323577
0.713465	-0.322717
0.714061	-0.321856
0.714657	-0.320996
0.715253	-0.320136
0.715849	-0.319276
0.716445	-0.318416
0.717042	-0.317556
0.717638	-0.316696
0.718234	-0.315837
0.71883	-0.314979
0.719426	-0.314122
0.720021	-0.313264
0.720617	-0.312408
0.721213	-0.311552
0.721809	-0.310696
0.722405	-0.30984
0.723002	-0.308986
0.723598	-0.308132
0.724194	-0.30728
0.724789	-0.306428
0.725385	-0.305578
0.725981	-0.304728
0.726577	-0.30388
0.727172	-0.303032
0.727769	-0.302186
0.728365	-0.301341
0.728961	-0.300498
0.729556	-0.299656
0.730152	-0.298817
0.730748	-0.297978
0.731343	-0.297141
0.731939	-0.296305
0.732535	-0.29547
0.733131	-0.294635
0.733727	-0.2938
0.734323	-0.292967
0.734918	-0.292134
0.735514	-0.291301
0.73611	-0.290468
0.736705	-0.289635
0.737301	-0.288802
0.737896	-0.287968
0.738492	-0.287134
0.739088	-0.286299
0.739684	-0.285463
0.740279	-0.284626
0.740875	-0.283789
0.74147	-0.282949
0.742066	-0.282109
0.742661	-0.281267
0.743257	-0.280423
0.743852	-0.279577
0.744448	-0.278729
0.745043	-0.27788
0.745639	-0.27703
0.746234	-0.276178
0.74683	-0.275324
0.747425	-0.27447
0.748021	-0.273614
0.748616	-0.272758
0.749211	-0.2719
0.749807	-0.271042
0.750402	-0.270183
0.750997	-0.269324
0.751593	-0.268465
0.752188	-0.267605
0.752783	-0.266744
0.753379	-0.265884
0.753974	-0.265023
0.75457	-0.264162
0.755165	-0.263302
0.75576	-0.262442
0.756355	-0.261582
0.756951	-0.260722
0.757546	-0.259862
0.758141	-0.259003
0.758736	-0.258145
0.759332	-0.257286
0.759927	-0.256427
0.760522	-0.25557
0.761117	-0.254712
0.761713	-0.253854
0.762308	-0.252997
0.762903	-0.25214
0.763498	-0.251283
0.764094	-0.250426
0.764689	-0.249569
0.765284	-0.248713
0.765879	-0.247857
0.766474	-0.247001
0.767069	-0.246145
0.767664	-0.245289
0.768259	-0.244434
0.768855	-0.243578
0.76945	-0.242722
0.770045	-0.241867
0.77064	-0.241012
0.771235	-0.240157
0.77183	-0.239303
0.772425	-0.238448
0.773021	-0.237593
0.773616	-0.236738
0.774211	-0.235883
0.774806	-0.235029
0.775401	-0.234175
0.775996	-0.233321
0.776591	-0.232467
0.777186	-0.231614
0.777781	-0.230761
0.778376	-0.229907
0.778972	-0.229053
0.779567	-0.2282
0.780162	-0.227348
0.780757	-0.226495
0.781352	-0.225643
0.781946	-0.224792
0.782541	-0.22394
0.783136	-0.223089
0.783732	-0.222237
0.784327	-0.221386
0.784922	-0.220535
0.785517	-0.219685
0.786111	-0.218834
0.786706	-0.217984
0.787301	-0.217133
0.787896	-0.216282
0.788491	-0.215429
0.789086	-0.214577
0.789681	-0.213725
0.790276	-0.212873
0.79087	-0.21202
0.791465	-0.211166
0.79206	-0.210312
0.792654	-0.209457
0.79325	-0.2086
0.793844	-0.207744
0.794439	-0.206886
0.795034	-0.206028
0.795628	-0.205169
0.796223	-0.204309
0.796817	-0.203448
0.797412	-0.202586
0.798007	-0.201722
0.798602	-0.200859
0.799196	-0.199995
0.799791	-0.19913
0.800385	-0.198265
0.800979	-0.1974
0.801574	-0.196535
0.802168	-0.19567
0.802763	-0.194804
0.803358	-0.193939
0.803952	-0.193075
0.804546	-0.192211
0.805141	-0.191347
0.805735	-0.190484
0.80633	-0.189622
0.806924	-0.18876
0.807519	-0.1879
0.808113	-0.18704
0.808707	-0.186182
0.809302	-0.185325
0.809896	-0.184468
0.81049	-0.183613
0.811085	-0.182759
0.811679	-0.181905
0.812274	-0.181052
0.812868	-0.180199
0.813462	-0.179347
0.814056	-0.178494
0.814651	-0.177642
0.815245	-0.176789
0.815839	-0.175936
0.816433	-0.175083
0.817028	-0.174229
0.817622	-0.173374
0.818216	-0.172519
0.81881	-0.171662
0.819404	-0.170804
0.819999	-0.169946
0.820593	-0.169085
0.821187	-0.168223
0.821781	-0.16736
0.822375	-0.166496
0.822969	-0.165631
0.823564	-0.164764
0.824158	-0.163897
0.824752	-0.163029
0.825346	-0.16216
0.82594	-0.161291
0.826534	-0.160422
0.827128	-0.159553
0.827722	-0.158684
0.828316	-0.157816
0.82891	-0.156947
0.829504	-0.156079
0.830099	-0.155211
0.830693	-0.154345
0.831287	-0.153479
0.831881	-0.152615
0.832475	-0.151751
0.833069	-0.150889
0.833663	-0.150029
0.834257	-0.149168
0.834851	-0.148309
0.835445	-0.147452
0.836039	-0.146596
0.836633	-0.145741
0.837227	-0.144886
0.83782	-0.144033
0.838414	-0.14318
0.839009	-0.142327
0.839603	-0.141476
0.840197	-0.140625
0.84079	-0.139775
0.841384	-0.138925
0.841978	-0.138076
0.842572	-0.137227
0.843166	-0.136377
0.84376	-0.135529
0.844354	-0.134681
0.844948	-0.133833
0.845541	-0.132985
0.846135	-0.132138
0.846729	-0.13129
0.847323	-0.130442
0.847917	-0.129593
0.848511	-0.128745
0.849105	-0.127897
0.849698	-0.127049
0.850292	-0.1262
0.850885	-0.125351
0.851479	-0.124501
0.852073	-0.12365
0.852667	-0.1228
0.853261	-0.121949
0.853854	-0.121097
0.854448	-0.120244
0.855041	-0.119391
0.855635	-0.118537
0.856229	-0.11768
0.856822	-0.116824
0.857416	-0.115968
0.858009	-0.115111
0.858602	-0.114253
0.859196	-0.113395
0.859789	-0.112537
0.860383	-0.111679
0.860976	-0.110821
0.86157	-0.109964
0.862163	-0.109107
0.862756	-0.108251
0.86335	-0.107396
0.863943	-0.106541
0.864536	-0.105688
0.86513	-0.104835
0.865723	-0.103985
0.866316	-0.103135
0.866909	-0.102287
0.867503	-0.101441
0.868096	-0.100596
0.868689	-0.0997526
0.869283	-0.0989101
0.869876	-0.0980689
0.870469	-0.0972286
0.871062	-0.0963892
0.871655	-0.0955505
0.872248	-0.0947123
0.872842	-0.0938747
0.873435	-0.0930372
0.874028	-0.0922
0.874621	-0.0913631
0.875214	-0.0905263
0.875807	-0.0896895
0.8764	-0.0888525
0.876993	-0.0880152
0.877586	-0.0871777
0.878179	-0.08634
0.878772	-0.0855022
0.879365	-0.0846644
0.879958	-0.0838267
0.880551	-0.0829893
0.881144	-0.0821523
0.881737	-0.0813156
0.88233	-0.0804798
0.882923	-0.0796448
0.883516	-0.0788106
0.884109	-0.0779775
0.884701	-0.0771454
0.885294	-0.0763142
0.885888	-0.0754842
0.88648	-0.0746559
0.887073	-0.073829
0.887666	-0.0730036
0.888259	-0.0721796
0.888852	-0.0713571
0.889445	-0.0705354
0.890038	-0.0697152
0.890631	-0.0688967
0.891223	-0.0680796
0.891816	-0.0672637
0.892409	-0.0664489
0.893002	-0.0656352
0.893595	-0.0648221
0.894188	-0.0640104
0.89478	-0.0632
0.895373	-0.0623906
0.895966	-0.0615822
0.896558	-0.0607746
0.897151	-0.059968
0.897744	-0.0591612
0.898337	-0.0583559
0.89893	-0.0575515
0.899522	-0.0567478
0.900115	-0.0559446
0.900707	-0.055142
0.9013	-0.0543396
0.901893	-0.0535368
0.902486	-0.0527355
0.903078	-0.0519348
0.903671	-0.0511343
0.904263	-0.0503342
0.904856	-0.0495345
0.905449	-0.0487342
0.906042	-0.0479341
0.906634	-0.0471353
0.907226	-0.0463367
0.907819	-0.0455386
0.908411	-0.0447408
0.909004	-0.0439434
0.909597	-0.0431458
0.910189	-0.0423494
0.910781	-0.0415544
0.911374	-0.0407603
0.911966	-0.0399672
0.912558	-0.0391753
0.913151	-0.0383844
0.913744	-0.0375943
0.914336	-0.0368066
0.914928	-0.0360208
0.91552	-0.0352369
0.916112	-0.0344548
0.916705	-0.0336747
0.917297	-0.0328963
0.917889	-0.0321195
0.918482	-0.0313452
0.919074	-0.0305729
0.919666	-0.0298023
0.920258	-0.0290334
0.92085	-0.0282663
0.921442	-0.0274999
0.922035	-0.0267355
0.922627	-0.0259726
0.923219	-0.025211
0.923811	-0.0244504
0.924402	-0.0236908
0.924995	-0.0229321
0.925587	-0.022174
0.926179	-0.0214173
0.926771	-0.0206617
0.927363	-0.0199072
0.927954	-0.0191538
0.928546	-0.0184016
0.929138	-0.0176504
0.92973	-0.0169009
0.930322	-0.0161529
0.930914	-0.0154067
0.931506	-0.0146622
0.932097	-0.0139196
0.932689	-0.0131789
0.933281	-0.0124403
0.933873	-0.011704
0.934465	-0.01097
0.935057	-0.0102383
0.935648	-0.00950907
)
