(title "Pressure Coefficient")
(labels "Position" "Pressure Coefficient")

((xy/key/label "wing")
0.0164817	0.893101
0.0170357	0.884331
0.0175915	0.875591
0.018149	0.866889
0.0187081	0.858241
0.0192686	0.849663
0.0198308	0.841164
0.0203941	0.832756
0.0209588	0.824438
0.0215249	0.816205
0.022092	0.808065
0.02266	0.800009
0.0232294	0.792037
0.0237998	0.784172
0.024371	0.776425
0.0249431	0.768799
0.0255164	0.761292
0.0260904	0.753915
0.0266652	0.746682
0.027241	0.739597
0.0278175	0.732665
0.0283947	0.725882
0.0289726	0.719242
0.0295513	0.712739
0.0301306	0.706367
0.0307104	0.700116
0.0312908	0.693974
0.0318719	0.687929
0.0324533	0.681972
0.0330353	0.676099
0.0336177	0.670306
0.0342007	0.664595
0.0347841	0.658965
0.0353679	0.653417
0.0359521	0.647951
0.0365367	0.642565
0.0371219	0.637257
0.0377077	0.632022
0.0382935	0.626867
0.0388796	0.62179
0.0394661	0.616791
0.0400533	0.611867
0.0406412	0.607016
0.0412289	0.602248
0.0418167	0.597557
0.0424048	0.592941
0.0429933	0.588397
0.0435829	0.58392
0.0441722	0.579517
0.0447614	0.575187
0.045351	0.570928
0.0459407	0.566738
0.0465311	0.562616
0.0471216	0.558563
0.0477122	0.554582
0.048303	0.550669
0.048894	0.546826
0.0494852	0.543051
0.0500767	0.539345
0.0506684	0.535708
0.0512603	0.532139
0.0518523	0.528635
0.0524446	0.525195
0.053037	0.521815
0.0536296	0.518493
0.0542227	0.515224
0.0548157	0.512008
0.0554088	0.508839
0.056002	0.505715
0.0565954	0.50263
0.0571889	0.49958
0.0577826	0.496563
0.0583767	0.493574
0.0589709	0.490614
0.059565	0.487685
0.0601591	0.484784
0.0607534	0.481912
0.0613478	0.47907
0.0619424	0.476257
0.0625371	0.473474
0.0631321	0.470719
0.063727	0.467995
0.0643219	0.465301
0.064917	0.462636
0.0655122	0.46
0.0661075	0.457393
0.0667028	0.454816
0.0672983	0.452268
0.067894	0.44975
0.0684898	0.447264
0.0690855	0.444808
0.0696814	0.442385
0.0702773	0.439995
0.0708733	0.437638
0.0714695	0.435314
0.0720657	0.433026
0.072662	0.430774
0.0732585	0.428557
0.0738553	0.426376
0.0744519	0.424232
0.0750485	0.422122
0.0756452	0.420046
0.0762419	0.418001
0.0768388	0.415987
0.0774357	0.414001
0.0780326	0.412042
0.0786297	0.410109
0.0792268	0.408198
0.0798241	0.40631
0.0804213	0.404441
0.0810186	0.402591
0.0816159	0.400757
0.0822132	0.398938
0.0828107	0.397135
0.0834081	0.395345
0.0840057	0.393571
0.0846032	0.391812
0.0852009	0.390067
0.0857985	0.388339
0.0863967	0.386624
0.086995	0.384925
0.0875931	0.383243
0.088191	0.381576
0.0887889	0.379926
0.0893868	0.378291
0.0899848	0.376671
0.0905828	0.375067
0.0911809	0.373478
0.091779	0.371905
0.0923772	0.370348
0.0929753	0.368807
0.0935736	0.367282
0.0941727	0.365772
0.0947724	0.364278
0.0953721	0.3628
0.0959712	0.361342
0.0965697	0.359903
0.0971681	0.358483
0.0977666	0.357081
0.0983651	0.355698
0.0989636	0.354335
0.0995622	0.352991
0.100161	0.351666
0.100759	0.350358
0.101358	0.349068
0.101957	0.347792
0.102556	0.346531
0.103155	0.345282
0.103755	0.344042
0.104355	0.342813
0.104954	0.341593
0.105553	0.34038
0.106151	0.339171
0.10675	0.337965
0.107349	0.33676
0.107948	0.335554
0.108547	0.334345
0.109146	0.333132
0.109745	0.331914
0.110344	0.330692
0.110943	0.329468
0.111542	0.328244
0.112141	0.327021
0.11274	0.325803
0.11334	0.324591
0.113939	0.323388
0.114538	0.322197
0.115137	0.321019
0.115736	0.319857
0.116336	0.318713
0.116935	0.31759
0.117534	0.316489
0.118133	0.315413
0.118733	0.314365
0.119332	0.313344
0.119931	0.312349
0.120531	0.311379
0.12113	0.310433
0.121729	0.309508
0.122329	0.308602
0.122928	0.307714
0.123528	0.30684
0.124127	0.305979
0.124727	0.305129
0.125326	0.304287
0.125926	0.30345
0.126525	0.302617
0.127126	0.301785
0.127726	0.300951
0.128326	0.300114
0.128926	0.299272
0.129526	0.298423
0.130126	0.297568
0.130726	0.296707
0.131325	0.295841
0.131925	0.294973
0.132524	0.294103
0.133124	0.293234
0.133724	0.292367
0.134323	0.291505
0.134923	0.290649
0.135523	0.289801
0.136122	0.288962
0.136722	0.288135
0.137322	0.287321
0.137921	0.286522
0.138521	0.285739
0.139121	0.284975
0.139721	0.284229
0.14032	0.283502
0.14092	0.282793
0.14152	0.2821
0.14212	0.281422
0.142719	0.280758
0.143319	0.280105
0.143919	0.279461
0.144519	0.278826
0.145119	0.278197
0.145719	0.277572
0.146319	0.27695
0.146918	0.276329
0.147518	0.275706
0.148118	0.275082
0.148718	0.274452
0.149318	0.273814
0.149918	0.273167
0.150517	0.272508
0.151117	0.271837
0.151717	0.271154
0.152317	0.270462
0.152917	0.269762
0.153517	0.269055
0.154117	0.268344
0.154717	0.267631
0.155317	0.266917
0.155916	0.266206
0.156516	0.265497
0.157116	0.264794
0.157716	0.264098
0.158316	0.263412
0.158916	0.262737
0.159516	0.262075
0.160116	0.261428
0.160716	0.260798
0.161316	0.260186
0.161916	0.259593
0.162516	0.259019
0.163116	0.258463
0.163716	0.257924
0.164316	0.2574
0.164916	0.256891
0.165516	0.256393
0.166116	0.255907
0.166716	0.255429
0.167315	0.25496
0.167915	0.254496
0.168515	0.254037
0.169115	0.253581
0.169715	0.253127
0.170315	0.252672
0.170915	0.252216
0.171515	0.251757
0.172115	0.251293
0.172715	0.250822
0.173315	0.250343
0.173916	0.249855
0.174516	0.249359
0.175116	0.248856
0.175716	0.248347
0.176316	0.247834
0.176916	0.247317
0.177516	0.246798
0.178116	0.246279
0.178716	0.24576
0.179316	0.245244
0.179916	0.24473
0.180516	0.244222
0.181116	0.243719
0.181716	0.243223
0.182316	0.242735
0.182917	0.242257
0.183517	0.241789
0.184117	0.241333
0.184718	0.240891
0.185318	0.240462
0.185919	0.240046
0.18652	0.239643
0.18712	0.239251
0.187721	0.23887
0.188322	0.238498
0.188923	0.238134
0.189524	0.237777
0.190125	0.237425
0.190726	0.237077
0.191327	0.236731
0.191928	0.236388
0.192529	0.236044
0.19313	0.2357
0.193732	0.235354
0.194333	0.235004
0.194934	0.234649
0.195535	0.234288
0.196137	0.233918
0.196738	0.233539
0.19734	0.233147
0.197941	0.232745
0.198543	0.232332
0.199144	0.23191
0.199746	0.23148
0.200347	0.231044
0.200949	0.230603
0.201551	0.230159
0.202152	0.229714
0.202754	0.229268
0.203355	0.228824
0.203957	0.228382
0.204559	0.227945
0.20516	0.227514
0.205762	0.22709
0.206364	0.226674
0.206965	0.226268
0.207567	0.225874
0.208168	0.225493
0.20877	0.225126
0.209371	0.224776
0.209973	0.224442
0.210574	0.224124
0.211176	0.22382
0.21178	0.22353
0.212384	0.223253
0.212988	0.222986
0.213591	0.22273
0.214194	0.222482
0.214796	0.22224
0.215398	0.222005
0.216	0.221773
0.216601	0.221544
0.217202	0.221316
0.217803	0.221088
0.218403	0.220858
0.219003	0.220626
0.219603	0.220389
0.220203	0.220147
0.220803	0.219897
0.221403	0.219638
0.222003	0.219367
0.222603	0.219085
0.223203	0.218789
0.223803	0.218482
0.224403	0.218164
0.225003	0.217837
0.225603	0.217502
0.226203	0.21716
0.226803	0.216812
0.227403	0.21646
0.228003	0.216106
0.228603	0.215749
0.229203	0.21539
0.229803	0.215032
0.230403	0.214675
0.231003	0.21432
0.231603	0.213968
0.232203	0.213621
0.232803	0.213278
0.233403	0.212942
0.234003	0.212614
0.234603	0.212294
0.235203	0.211984
0.235803	0.211683
0.236403	0.211391
0.237003	0.211109
0.237603	0.210835
0.238203	0.210569
0.238803	0.210311
0.239403	0.21006
0.240003	0.209816
0.240603	0.209577
0.241203	0.209344
0.241803	0.209116
0.242403	0.208892
0.243003	0.208673
0.243603	0.208456
0.244203	0.208243
0.244803	0.208033
0.245403	0.207824
0.246003	0.207618
0.246603	0.207413
0.247203	0.207208
0.247803	0.207005
0.248403	0.206801
0.249003	0.206597
0.249603	0.206393
0.250203	0.206189
0.250803	0.205985
0.251403	0.205781
0.252003	0.205577
0.252603	0.205373
0.253203	0.20517
0.253803	0.204967
0.254403	0.204765
0.255003	0.204563
0.255603	0.204363
0.256203	0.204163
0.256803	0.203965
0.257402	0.203767
0.258002	0.203571
0.258602	0.203376
0.259202	0.203183
0.259802	0.202991
0.260403	0.202801
0.261003	0.202612
0.261604	0.202426
0.262204	0.202241
0.262805	0.202059
0.263405	0.201878
0.264006	0.201698
0.264606	0.20152
0.265206	0.201343
0.265806	0.201166
0.266406	0.200989
0.267006	0.200812
0.267606	0.200635
0.268206	0.200457
0.268806	0.200279
0.269406	0.200098
0.270006	0.199916
0.270605	0.199732
0.271205	0.199546
0.271805	0.199357
0.272405	0.199164
0.273005	0.198968
0.273605	0.198768
0.274205	0.198563
0.274805	0.198353
0.275405	0.198136
0.276005	0.197913
0.276605	0.197685
0.277205	0.197451
0.277805	0.197212
0.278404	0.196969
0.279004	0.196722
0.279604	0.196474
0.280204	0.196223
0.280804	0.195972
0.281404	0.195721
0.282004	0.19547
0.282604	0.195221
0.283204	0.194974
0.283804	0.194729
0.284404	0.194488
0.285003	0.194252
0.285603	0.19402
0.286203	0.193793
0.286803	0.193573
0.287403	0.19336
0.288003	0.193156
0.288603	0.19296
0.289203	0.192775
0.289803	0.1926
0.290402	0.192436
0.291002	0.192281
0.291602	0.192136
0.292202	0.191999
0.292803	0.19187
0.293403	0.191748
0.294003	0.191632
0.294603	0.191521
0.295203	0.191414
0.295803	0.191311
0.296403	0.191211
0.297003	0.191112
0.297602	0.191015
0.298202	0.190918
0.298802	0.19082
0.299402	0.190722
0.300002	0.190622
0.300602	0.190519
0.301202	0.190412
0.301801	0.190302
0.302401	0.190186
0.303001	0.190065
0.303601	0.189936
0.304201	0.1898
0.304801	0.189656
0.305401	0.189505
0.306	0.189347
0.3066	0.189183
0.3072	0.189014
0.3078	0.188839
0.3084	0.18866
0.309	0.188478
0.3096	0.188292
0.310199	0.188103
0.310799	0.187912
0.311399	0.187718
0.311999	0.187524
0.312599	0.187328
0.313199	0.187131
0.313798	0.186933
0.314398	0.186736
0.314998	0.186539
0.315598	0.186343
0.316198	0.186148
0.316798	0.185955
0.317397	0.185764
0.317997	0.185575
0.318598	0.185388
0.319198	0.185204
0.319798	0.185023
0.320397	0.184844
0.320997	0.184667
0.321597	0.184494
0.322197	0.184322
0.322797	0.184153
0.323396	0.183987
0.323996	0.183823
0.324596	0.183661
0.325196	0.183502
0.325796	0.183345
0.326396	0.183191
0.326995	0.183039
0.327595	0.18289
0.328195	0.182743
0.328795	0.182599
0.329395	0.182458
0.329994	0.18232
0.330594	0.182185
0.331194	0.182053
0.331794	0.181924
0.332394	0.181799
0.332993	0.181677
0.333593	0.181558
0.334193	0.181443
0.334793	0.18133
0.335393	0.181219
0.335992	0.181111
0.336592	0.181004
0.337192	0.180898
0.337792	0.180793
0.338392	0.180689
0.338991	0.180585
0.339591	0.180481
0.340191	0.180376
0.340791	0.180271
0.341391	0.180165
0.341991	0.180057
0.342591	0.179948
0.343191	0.179836
0.34379	0.179722
0.34439	0.179605
0.34499	0.179485
0.34559	0.179361
0.34619	0.179233
0.346789	0.1791
0.347389	0.178962
0.347989	0.178819
0.348589	0.17867
0.349188	0.178517
0.349788	0.17836
0.350388	0.178199
0.350988	0.178034
0.351588	0.177867
0.352187	0.177697
0.352787	0.177524
0.353387	0.17735
0.353987	0.177174
0.354587	0.176998
0.355186	0.17682
0.355786	0.176642
0.356386	0.176463
0.356986	0.176285
0.357585	0.176107
0.358185	0.17593
0.358785	0.175754
0.359385	0.175579
0.359985	0.175407
0.360584	0.175236
0.361184	0.175068
0.361784	0.174903
0.362384	0.174741
0.362983	0.174582
0.363583	0.174427
0.364183	0.174274
0.364783	0.174123
0.365383	0.173975
0.365983	0.173829
0.366582	0.173685
0.367182	0.173543
0.367782	0.173402
0.368382	0.173263
0.368981	0.173124
0.369581	0.172986
0.370181	0.172849
0.370781	0.172712
0.37138	0.172575
0.37198	0.172439
0.37258	0.172302
0.37318	0.172164
0.373779	0.172026
0.374379	0.171887
0.374979	0.171747
0.375579	0.171606
0.376178	0.171464
0.376778	0.17132
0.377378	0.171174
0.377978	0.171026
0.378577	0.170877
0.379177	0.170725
0.379777	0.170572
0.380377	0.170416
0.380976	0.170259
0.381576	0.1701
0.382176	0.169939
0.382776	0.169777
0.383376	0.169612
0.383976	0.169446
0.384575	0.169278
0.385175	0.169108
0.385775	0.168937
0.386375	0.168763
0.386974	0.168587
0.387574	0.168409
0.388174	0.168228
0.388774	0.168045
0.389373	0.16786
0.389973	0.167671
0.390573	0.16748
0.391173	0.167286
0.391772	0.167089
0.392372	0.166889
0.392972	0.166685
0.393572	0.166479
0.394171	0.16627
0.394771	0.166058
0.395371	0.165844
0.395971	0.165629
0.39657	0.165412
0.39717	0.165194
0.39777	0.164975
0.39837	0.164755
0.398969	0.164535
0.399569	0.164315
0.400169	0.164096
0.400769	0.163876
0.401368	0.163657
0.401968	0.163439
0.402568	0.163222
0.403168	0.163007
0.403768	0.162793
0.404368	0.162581
0.404968	0.162371
0.405567	0.162164
0.406167	0.16196
0.406767	0.161759
0.407367	0.161562
0.407966	0.161368
0.408566	0.161177
0.409166	0.16099
0.409765	0.160806
0.410365	0.160624
0.410965	0.160445
0.411565	0.160269
0.412164	0.160094
0.412764	0.159922
0.413364	0.159751
0.413963	0.159582
0.414563	0.159414
0.415163	0.159247
0.415763	0.159081
0.416362	0.158916
0.416962	0.158751
0.417562	0.158586
0.418161	0.158422
0.418761	0.158257
0.419361	0.158092
0.419961	0.157927
0.42056	0.157761
0.42116	0.157594
0.42176	0.157426
0.422359	0.157257
0.422959	0.157086
0.423559	0.156913
0.424159	0.156738
0.424758	0.156563
0.425358	0.156386
0.425958	0.15621
0.426558	0.156033
0.427157	0.155857
0.427757	0.155681
0.428357	0.155507
0.428956	0.155333
0.429556	0.155162
0.430156	0.154993
0.430755	0.154825
0.431355	0.154661
0.431955	0.154499
0.432554	0.154341
0.433154	0.154186
0.433754	0.154035
0.434353	0.153889
0.434953	0.153748
0.435553	0.153612
0.436152	0.153482
0.436752	0.153358
0.437352	0.153241
0.437951	0.153132
0.438551	0.153031
0.439151	0.152937
0.43975	0.152849
0.44035	0.152769
0.44095	0.152694
0.441549	0.152624
0.442149	0.152558
0.442749	0.152496
0.443348	0.152437
0.443948	0.15238
0.444548	0.152326
0.445147	0.152272
0.445747	0.152218
0.446347	0.152165
0.446946	0.152111
0.447546	0.152055
0.448145	0.151997
0.448745	0.151937
0.449345	0.151874
0.449944	0.151806
0.450544	0.151735
0.451144	0.151658
0.451743	0.151575
0.452343	0.151485
0.452942	0.151388
0.453542	0.151281
0.454142	0.151164
0.454741	0.151039
0.455341	0.150904
0.455941	0.150762
0.45654	0.150613
0.45714	0.150458
0.45774	0.150298
0.458339	0.150133
0.458939	0.149965
0.459539	0.149795
0.460139	0.149622
0.460738	0.149449
0.461338	0.149274
0.461938	0.1491
0.462537	0.148927
0.463137	0.148756
0.463736	0.148586
0.464336	0.14842
0.464936	0.148258
0.465535	0.1481
0.466135	0.147948
0.466734	0.147801
0.467334	0.147661
0.467934	0.14753
0.468533	0.147407
0.469133	0.147294
0.469732	0.147191
0.470332	0.147098
0.470932	0.147014
0.471531	0.146939
0.472131	0.146872
0.47273	0.146812
0.47333	0.146759
0.473929	0.146711
0.474529	0.146669
0.475129	0.146631
0.475729	0.146597
0.476328	0.146565
0.476928	0.146537
0.477527	0.14651
0.478127	0.146484
0.478727	0.146459
0.479326	0.146435
0.479926	0.146409
0.480525	0.146383
0.481125	0.146355
0.481724	0.146324
0.482324	0.146291
0.482923	0.146254
0.483523	0.146214
0.484122	0.146168
0.484722	0.146117
0.485322	0.14606
0.485921	0.145997
0.486521	0.145928
0.48712	0.145853
0.48772	0.145773
0.488319	0.145689
0.488919	0.1456
0.489518	0.145507
0.490118	0.145411
0.490718	0.145312
0.491317	0.145211
0.491917	0.145107
0.492516	0.145001
0.493116	0.144894
0.493715	0.144785
0.494315	0.144675
0.494915	0.144565
0.495514	0.144454
0.496114	0.144343
0.496713	0.144232
0.497313	0.144122
0.497912	0.144012
0.498512	0.143904
0.499111	0.143796
0.499711	0.14369
0.50031	0.143586
0.50091	0.143484
0.501509	0.143384
0.502109	0.143287
0.502708	0.143191
0.503308	0.143098
0.503908	0.143007
0.504507	0.142918
0.505107	0.142831
0.505706	0.142746
0.506306	0.142663
0.506906	0.142582
0.507505	0.142503
0.508105	0.142426
0.508704	0.14235
0.509304	0.142277
0.509903	0.142205
0.510503	0.142136
0.511102	0.142068
0.511702	0.142003
0.512301	0.141939
0.512901	0.141878
0.5135	0.141818
0.5141	0.141761
0.514699	0.141707
0.515299	0.141656
0.515898	0.141607
0.516498	0.141561
0.517097	0.141518
0.517697	0.141478
0.518296	0.14144
0.518896	0.141404
0.519495	0.14137
0.520095	0.141337
0.520695	0.141306
0.521294	0.141275
0.521894	0.141244
0.522494	0.141215
0.523093	0.141184
0.523693	0.141154
0.524292	0.141123
0.524892	0.141091
0.525491	0.141058
0.526091	0.141024
0.52669	0.140988
0.527289	0.140949
0.527889	0.140908
0.528488	0.140864
0.529088	0.140817
0.529687	0.140766
0.530287	0.140711
0.530886	0.140652
0.531486	0.140587
0.532085	0.140517
0.532685	0.140441
0.533284	0.14036
0.533884	0.140275
0.534483	0.140184
0.535083	0.140091
0.535683	0.139993
0.536283	0.139893
0.536883	0.13979
0.537483	0.139686
0.538082	0.13958
0.538681	0.139473
0.539281	0.139364
0.53988	0.139256
0.54048	0.139148
0.541079	0.139039
0.541679	0.138932
0.542278	0.138825
0.542878	0.13872
0.543477	0.138616
0.544077	0.138515
0.544676	0.138416
0.545276	0.138319
0.545875	0.138226
0.546475	0.138137
0.547074	0.138052
0.547674	0.137971
0.548273	0.137895
0.548873	0.137823
0.549473	0.137755
0.550073	0.137691
0.550673	0.13763
0.551273	0.137573
0.551872	0.137519
0.552472	0.137468
0.553071	0.13742
0.55367	0.137374
0.55427	0.137331
0.554869	0.137289
0.555469	0.137249
0.556068	0.137211
0.556668	0.137175
0.557267	0.13714
0.557866	0.137106
0.558466	0.137072
0.559065	0.13704
0.559665	0.137008
0.560264	0.136977
0.560864	0.136946
0.561463	0.136915
0.562062	0.136884
0.562662	0.136853
0.935648	0.00401071
0.93624	0.00493262
0.936832	0.00585364
0.937424	0.00677398
0.938015	0.00769356
0.938607	0.00861258
0.939199	0.00953116
0.93979	0.0104494
0.940382	0.0113675
0.940974	0.0122856
0.941566	0.0132038
0.942157	0.0141222
0.942749	0.015041
0.94334	0.0159605
0.943932	0.0168809
0.944524	0.0178028
0.945115	0.0187256
0.945707	0.0196498
0.946298	0.0205758
0.94689	0.0215036
0.947481	0.0224333
0.948073	0.0233651
0.948664	0.0242982
0.949256	0.0252322
0.949847	0.0261668
0.950438	0.0271016
0.95103	0.0280361
0.951621	0.0289701
0.952213	0.0299027
0.952804	0.0308327
0.953396	0.0317602
0.953987	0.0326847
0.954578	0.0336061
0.95517	0.0345251
0.955762	0.0354422
0.956353	0.0363566
0.956944	0.0372697
0.957536	0.0381823
0.958127	0.0390953
0.958718	0.0400094
0.95931	0.0409266
0.959901	0.0418456
0.960492	0.0427677
0.961083	0.0436933
0.961674	0.0446221
0.962266	0.0455538
0.962857	0.0464884
0.963448	0.0474234
0.964039	0.0483582
0.96463	0.0492922
0.965221	0.0502244
0.965812	0.0511539
0.966404	0.052081
0.966996	0.0530034
0.967587	0.0539209
0.968178	0.0548345
0.968769	0.0557444
0.969359	0.0566513
0.969951	0.0575564
0.970542	0.0584599
0.971133	0.0593616
0.971724	0.0602628
0.972315	0.0611642
0.972906	0.0620661
0.973497	0.0629693
0.974088	0.063873
0.974679	0.0647761
0.97527	0.0656794
0.975861	0.0665824
0.976451	0.067485
0.977042	0.0683873
0.977634	0.0692889
0.978224	0.0701878
0.978815	0.0710848
0.979406	0.0719796
0.979996	0.0728716
0.980587	0.0737607
0.981178	0.0746471
0.981769	0.0755289
0.982359	0.0764067
0.98295	0.0772804
0.983541	0.0781501
0.984131	0.0790162
0.984722	0.0798787
0.985313	0.0807367
0.985904	0.081591
0.986494	0.0824419
0.987084	0.0832896
0.987675	0.0841343
0.988266	0.0849767
0.988856	0.0858153
0.989446	0.0866505
0.990036	0.087481
0.990626	0.0883047
0.991216	0.0891252
0.991807	0.0899371
0.992397	0.0907409
0.992987	0.0915396
0.993577	0.092311
0.994168	0.0930506
0.994759	0.0937527
0.995349	0.0944052
0.99594	0.0950117
0.996529	0.0955747
0.997118	0.0960924
0.997709	0.0965175
0.9983	0.0967727
0.998891	0.0965916
0.999478	0.0959153
1.00007	0.0942666
1.0004	0.0946542
1.00031	0.0949557
1.00006	0.0879072
0.999607	0.087457
0.999007	0.0965597
0.998407	0.100918
0.997809	0.101086
0.997211	0.101504
0.996612	0.103131
0.996012	0.104488
0.995413	0.105307
0.994813	0.105645
0.994214	0.105809
0.993615	0.106169
0.993015	0.10672
0.992416	0.107216
0.991817	0.107624
0.991217	0.107896
0.990618	0.108021
0.990019	0.10807
0.989419	0.108101
0.98882	0.10814
0.988221	0.108218
0.987621	0.108342
0.987022	0.108493
0.986423	0.108639
0.985823	0.108749
0.985224	0.108797
0.984625	0.108774
0.984025	0.108698
0.983426	0.108591
0.982827	0.108474
0.982227	0.108371
0.981628	0.108303
0.981029	0.108292
0.980429	0.108349
0.97983	0.108472
0.979231	0.108656
0.978631	0.108882
0.978032	0.109129
0.977433	0.109374
0.976833	0.109599
0.976234	0.109791
0.975635	0.109939
0.975035	0.110041
0.974436	0.110101
0.973836	0.110121
0.973237	0.110103
0.972638	0.110055
0.972038	0.10998
0.971439	0.109879
0.97084	0.109758
0.97024	0.109623
0.969641	0.10948
0.969042	0.109336
0.968442	0.109198
0.967843	0.109074
0.967244	0.108973
0.966645	0.108899
0.966045	0.10886
0.965446	0.108862
0.964847	0.108902
0.964247	0.108979
0.963648	0.109085
0.963049	0.109211
0.962449	0.109345
0.96185	0.109476
0.961251	0.109592
0.960651	0.109685
0.960052	0.109749
0.959452	0.109773
0.958853	0.109756
0.958254	0.109707
0.957654	0.109633
0.957055	0.109544
0.956456	0.109446
0.955856	0.109348
0.955257	0.109258
0.954658	0.109181
0.954058	0.109125
0.953459	0.109098
0.95286	0.109104
0.95226	0.109142
0.951661	0.109212
0.951062	0.109309
0.950462	0.109428
0.949863	0.10956
0.949264	0.109701
0.948664	0.109841
0.948065	0.109976
0.947465	0.110098
0.946866	0.110202
0.946267	0.110284
0.945667	0.110341
0.945068	0.110372
0.944469	0.110379
0.943869	0.110368
0.94327	0.110342
0.94267	0.110307
0.942071	0.110265
0.941472	0.11022
0.940872	0.110173
0.940273	0.110129
0.939674	0.110089
0.939074	0.110056
0.938475	0.110032
0.937876	0.110018
0.937276	0.110013
0.936677	0.110018
0.936078	0.110027
0.935478	0.110041
0.934879	0.110057
0.93428	0.110075
0.93368	0.110091
0.933081	0.110105
0.932482	0.110115
0.931882	0.110118
0.931283	0.110115
0.930684	0.110104
0.930084	0.110086
0.929485	0.110063
0.928886	0.110036
0.928286	0.110006
0.927687	0.109977
0.927087	0.10995
0.926488	0.109927
0.925889	0.10991
0.925289	0.109902
0.92469	0.109904
0.924091	0.109918
0.923491	0.109946
0.922892	0.109989
0.922293	0.110047
0.921693	0.110122
0.921094	0.110211
0.920495	0.110311
0.919895	0.110421
0.919296	0.110537
0.918697	0.110655
0.918097	0.110774
0.917498	0.110889
0.916898	0.110999
0.916299	0.1111
0.915699	0.111189
0.9151	0.111265
0.914501	0.111324
0.913901	0.111364
0.913302	0.111385
0.912703	0.111386
0.912103	0.111373
0.911504	0.111347
0.910905	0.111313
0.910305	0.111271
0.909706	0.111226
0.909106	0.111178
0.908507	0.11113
0.907908	0.111085
0.907309	0.111044
0.906709	0.111009
0.90611	0.110984
0.90551	0.11097
0.904911	0.110968
0.904312	0.11098
0.903712	0.111005
0.903113	0.111043
0.902514	0.111092
0.901914	0.111149
0.901315	0.111215
0.900715	0.111286
0.900116	0.111362
0.899517	0.111442
0.898917	0.111524
0.898318	0.111607
0.897719	0.11169
0.897119	0.111771
0.89652	0.111848
0.89592	0.111922
0.895321	0.111991
0.894722	0.112054
0.894122	0.112111
0.893523	0.112164
0.892924	0.112212
0.892324	0.112257
0.891725	0.112299
0.891126	0.112338
0.890526	0.112375
0.889927	0.112411
0.889327	0.112446
0.888728	0.11248
0.888129	0.112514
0.887529	0.112548
0.88693	0.112582
0.88633	0.112616
0.885731	0.112652
0.885132	0.112689
0.884532	0.112728
0.883933	0.112767
0.883334	0.112807
0.882734	0.112847
0.882135	0.112887
0.881536	0.112927
0.880936	0.112967
0.880337	0.113006
0.879737	0.113043
0.879138	0.113079
0.878539	0.113114
0.877939	0.113146
0.87734	0.113176
0.876741	0.113202
0.876141	0.113226
0.875542	0.113247
0.874942	0.113264
0.874343	0.113278
0.873744	0.113289
0.873144	0.113299
0.872545	0.113306
0.871946	0.113313
0.871346	0.113319
0.870747	0.113325
0.870148	0.113332
0.869548	0.113341
0.868949	0.113351
0.868349	0.113363
0.86775	0.113379
0.867151	0.113398
0.866551	0.113422
0.865952	0.11345
0.865353	0.113484
0.864753	0.113523
0.864154	0.113568
0.863555	0.113618
0.862955	0.113675
0.862356	0.113736
0.861756	0.1138
0.861157	0.113869
0.860558	0.11394
0.859958	0.114013
0.859359	0.114088
0.858759	0.114165
0.85816	0.114243
0.857561	0.11432
0.856961	0.114398
0.856362	0.114475
0.855763	0.11455
0.855163	0.114624
0.854564	0.114696
0.853964	0.114764
0.853365	0.11483
0.852766	0.114892
0.852166	0.114951
0.851567	0.115007
0.850968	0.11506
0.850368	0.115111
0.849769	0.115159
0.849169	0.115205
0.84857	0.115248
0.847971	0.115289
0.847371	0.115328
0.846772	0.115365
0.846173	0.115399
0.845573	0.115432
0.844974	0.115462
0.844374	0.115491
0.843775	0.115517
0.843176	0.115541
0.842576	0.115563
0.841977	0.115583
0.841378	0.115601
0.840778	0.115618
0.840179	0.115633
0.83958	0.115647
0.83898	0.115661
0.838381	0.115675
0.837782	0.115689
0.837182	0.115703
0.836583	0.115718
0.835983	0.115734
0.835384	0.115752
0.834785	0.115772
0.834185	0.115795
0.833586	0.11582
0.832987	0.115848
0.832387	0.115879
0.831788	0.115915
0.831188	0.115954
0.830589	0.115998
0.82999	0.116047
0.82939	0.1161
0.828791	0.116156
0.828192	0.116216
0.827592	0.116278
0.826993	0.116342
0.826394	0.116408
0.825794	0.116475
0.825195	0.116543
0.824595	0.116612
0.823996	0.11668
0.823397	0.116748
0.822797	0.116815
0.822198	0.11688
0.821598	0.116944
0.820999	0.117005
0.8204	0.117063
0.8198	0.117118
0.819201	0.11717
0.818602	0.117217
0.818002	0.11726
0.817403	0.1173
0.816804	0.117336
0.816204	0.117369
0.815605	0.117399
0.815005	0.117428
0.814406	0.117454
0.813807	0.117479
0.813207	0.117502
0.812608	0.117525
0.812009	0.117546
0.811409	0.117567
0.81081	0.117588
0.810211	0.117609
0.809611	0.117631
0.809012	0.117653
0.808412	0.117676
0.807813	0.117701
0.807214	0.117727
0.806614	0.117756
0.806015	0.117786
0.805416	0.117819
0.804816	0.117855
0.804217	0.117892
0.803618	0.117932
0.803018	0.117973
0.802419	0.118017
0.801819	0.118062
0.80122	0.118109
0.800621	0.118158
0.800021	0.118208
0.799422	0.11826
0.798823	0.118313
0.798223	0.118368
0.797624	0.118424
0.797025	0.118482
0.796425	0.118541
0.795826	0.118602
0.795226	0.118664
0.794627	0.118728
0.794028	0.118794
0.793428	0.118862
0.792829	0.118931
0.792229	0.119001
0.79163	0.119073
0.791031	0.119146
0.790431	0.119219
0.789832	0.119294
0.789233	0.119368
0.788633	0.119444
0.788034	0.119519
0.787434	0.119594
0.786835	0.11967
0.786236	0.119745
0.785636	0.11982
0.785037	0.119894
0.784438	0.119967
0.783838	0.12004
0.783239	0.120111
0.782639	0.120181
0.78204	0.12025
0.78144	0.120318
0.780841	0.120383
0.780242	0.120448
0.779642	0.12051
0.779043	0.120571
0.778444	0.12063
0.777844	0.120688
0.777245	0.120744
0.776646	0.120798
0.776046	0.12085
0.775447	0.120901
0.774847	0.120949
0.774248	0.120996
0.773649	0.12104
0.773049	0.121082
0.77245	0.121121
0.771851	0.121158
0.771251	0.121192
0.770652	0.121223
0.770053	0.121251
0.769453	0.121275
0.768854	0.121296
0.768254	0.121313
0.767655	0.121327
0.767056	0.121337
0.766456	0.121344
0.765857	0.121349
0.765258	0.121351
0.764658	0.12135
0.764059	0.121349
0.76346	0.121346
0.76286	0.121342
0.762261	0.121338
0.761662	0.121334
0.761062	0.12133
0.760463	0.121327
0.759864	0.121325
0.759264	0.121325
0.758665	0.121327
0.758066	0.121331
0.757466	0.121338
0.756867	0.121348
0.756268	0.121362
0.755668	0.121381
0.755069	0.121404
0.754469	0.121433
0.75387	0.121466
0.753271	0.121505
0.752671	0.121548
0.752072	0.121596
0.751473	0.121648
0.750873	0.121704
0.750274	0.121763
0.749674	0.121826
0.749075	0.121891
0.748476	0.121958
0.747876	0.122028
0.747277	0.1221
0.746678	0.122174
0.746078	0.12225
0.745479	0.122327
0.74488	0.122405
0.74428	0.122485
0.743681	0.122566
0.743081	0.122647
0.742482	0.122729
0.741883	0.122812
0.741283	0.122895
0.740684	0.122978
0.740084	0.123061
0.739485	0.123145
0.738886	0.123228
0.738286	0.12331
0.737687	0.123392
0.737087	0.123473
0.736488	0.123553
0.735889	0.123631
0.735289	0.123709
0.73469	0.123785
0.734091	0.123859
0.733491	0.123932
0.732892	0.124002
0.732292	0.12407
0.731693	0.124135
0.731094	0.124197
0.730494	0.124256
0.729895	0.124311
0.729296	0.124363
0.728696	0.12441
0.728097	0.124452
0.727497	0.124489
0.726898	0.124521
0.726299	0.124548
0.725699	0.12457
0.7251	0.124588
0.724501	0.124603
0.723901	0.124614
0.723302	0.124623
0.722703	0.12463
0.722103	0.124636
0.721504	0.124641
0.720905	0.124645
0.720305	0.124649
0.719706	0.124654
0.719106	0.12466
0.718507	0.124667
0.717908	0.124677
0.717308	0.124689
0.716709	0.124704
0.71611	0.124723
0.71551	0.124746
0.714911	0.124774
0.714312	0.124807
0.713712	0.124846
0.713113	0.124891
0.712513	0.124944
0.711914	0.125002
0.711315	0.125067
0.710715	0.125137
0.710116	0.125212
0.709517	0.12529
0.708917	0.125372
0.708318	0.125457
0.707719	0.125544
0.707119	0.125632
0.70652	0.125721
0.70592	0.125811
0.705321	0.125902
0.704722	0.125991
0.704122	0.12608
0.703523	0.126168
0.702924	0.126253
0.702324	0.126335
0.701725	0.126415
0.701125	0.12649
0.700526	0.126561
0.699926	0.126626
0.699327	0.126686
0.698728	0.126739
0.698128	0.126785
0.697529	0.126824
0.69693	0.126857
0.69633	0.126884
0.695731	0.126906
0.695132	0.126923
0.694532	0.126937
0.693933	0.126948
0.693334	0.126955
0.692734	0.12696
0.692135	0.126964
0.691536	0.126965
0.690936	0.126965
0.690337	0.126965
0.689737	0.126964
0.689138	0.126964
0.688539	0.126964
0.687939	0.126965
0.68734	0.126968
0.686741	0.126973
0.686141	0.126979
0.685542	0.126989
0.684943	0.127002
0.684343	0.127018
0.683744	0.127037
0.683144	0.127061
0.682545	0.127088
0.681946	0.127118
0.681346	0.127151
0.680747	0.127188
0.680148	0.127226
0.679548	0.127267
0.678949	0.127311
0.67835	0.127356
0.67775	0.127403
0.677151	0.127452
0.676552	0.127503
0.675952	0.127555
0.675353	0.127609
0.674753	0.127664
0.674154	0.12772
0.673554	0.127778
0.672955	0.127837
0.672356	0.127897
0.671756	0.127958
0.671157	0.128021
0.670558	0.128084
0.669958	0.128148
0.669359	0.128213
0.668759	0.128278
0.66816	0.128344
0.667561	0.12841
0.666961	0.128477
0.666362	0.128544
0.665763	0.128612
0.665163	0.128679
0.664564	0.128747
0.663964	0.128815
0.663365	0.128883
0.662766	0.128951
0.662166	0.129019
0.661567	0.129087
0.660967	0.129155
0.660368	0.129222
0.659769	0.12929
0.659169	0.129358
0.65857	0.129425
0.65797	0.129492
0.657371	0.129559
0.656772	0.129625
0.656172	0.12969
0.655573	0.129756
0.654974	0.12982
0.654374	0.129884
0.653775	0.129947
0.653175	0.130009
0.652576	0.130071
0.651977	0.130131
0.651377	0.130191
0.650778	0.13025
0.650179	0.130308
0.649579	0.130365
0.64898	0.13042
0.64838	0.130475
0.647781	0.130528
0.647182	0.13058
0.646582	0.130631
0.645983	0.130679
0.645383	0.130727
0.644784	0.130772
0.644185	0.130816
0.643585	0.130858
0.642986	0.130897
0.642386	0.130934
0.641787	0.130969
0.641188	0.131001
0.640588	0.13103
0.639989	0.131056
0.63939	0.131078
0.63879	0.131098
0.638191	0.131115
0.637592	0.131129
0.636992	0.131141
0.636393	0.131151
0.635793	0.131159
0.635194	0.131166
0.634595	0.131172
0.633995	0.131178
0.633396	0.131183
0.632796	0.131188
0.632197	0.131193
0.631598	0.131198
0.630998	0.131205
0.630399	0.131212
0.6298	0.131221
0.6292	0.131232
0.628601	0.131245
0.628002	0.13126
0.627402	0.131278
0.626803	0.131299
0.626203	0.131323
0.625604	0.131351
0.625005	0.131384
0.624405	0.13142
0.623806	0.131461
0.623207	0.131507
0.622607	0.131557
0.622008	0.13161
0.621408	0.131667
0.620809	0.131728
0.620209	0.131791
0.61961	0.131856
0.619011	0.131924
0.618411	0.131994
0.617812	0.132066
0.617212	0.13214
0.616613	0.132214
0.616014	0.13229
0.615414	0.132367
0.614815	0.132444
0.614215	0.132521
0.613616	0.132598
0.613017	0.132675
0.612417	0.132751
0.611818	0.132826
0.611218	0.1329
0.610619	0.132973
0.61002	0.133044
0.60942	0.133114
0.608821	0.133182
0.608221	0.133248
0.607622	0.133313
0.607023	0.133376
0.606423	0.133437
0.605824	0.133498
0.605224	0.133558
0.604625	0.133617
0.604025	0.133675
0.603426	0.133732
0.602826	0.133789
0.602227	0.133845
0.601628	0.1339
0.601028	0.133955
0.600429	0.13401
0.599829	0.134064
0.59923	0.134118
0.598631	0.134172
0.598031	0.134225
0.597432	0.134278
0.596832	0.134331
0.596233	0.134384
0.595634	0.134438
0.595034	0.134491
0.594435	0.134545
0.593835	0.134599
0.593236	0.134653
0.592636	0.134708
0.592037	0.134763
0.591437	0.134817
0.590838	0.134872
0.590238	0.134927
0.589639	0.134982
0.589039	0.135036
0.58844	0.13509
0.587841	0.135144
0.587241	0.135198
0.586642	0.135251
0.586042	0.135303
0.585443	0.135356
0.584844	0.135408
0.584244	0.135459
0.583645	0.13551
0.583045	0.13556
0.582446	0.135609
0.581846	0.135658
0.581247	0.135706
0.580648	0.135753
0.580048	0.1358
0.579449	0.135845
0.578849	0.13589
0.578249	0.135933
0.57765	0.135975
0.57705	0.136017
0.57645	0.136057
0.575851	0.136096
0.575252	0.136135
0.574652	0.136173
0.574053	0.13621
0.573453	0.136247
0.572854	0.136283
0.572255	0.136319
0.571655	0.136354
0.571056	0.136389
0.570456	0.136424
0.569857	0.136459
0.569257	0.136493
0.568658	0.136527
0.568059	0.13656
0.567459	0.136594
0.56686	0.136627
0.56626	0.13666
0.565661	0.136693
0.565061	0.136725
0.564462	0.136758
0.563861	0.13679
0.563262	0.136821
0.562662	0.136853
0.41861	-0.66859
0.41801	-0.669557
0.417411	-0.670526
0.416811	-0.671496
0.416212	-0.672467
0.415612	-0.673441
0.415012	-0.674416
0.414413	-0.675393
0.413813	-0.676371
0.413213	-0.677352
0.412614	-0.678336
0.412014	-0.679321
0.411414	-0.68031
0.410814	-0.681301
0.410214	-0.682294
0.409614	-0.68329
0.409015	-0.68429
0.408415	-0.685293
0.407815	-0.686299
0.407216	-0.687308
0.406616	-0.68832
0.406016	-0.689336
0.405416	-0.690355
0.404817	-0.691376
0.404217	-0.692399
0.403617	-0.693425
0.403018	-0.694452
0.402418	-0.695481
0.401818	-0.696511
0.401218	-0.697542
0.400618	-0.698574
0.400019	-0.699606
0.399419	-0.700639
0.398819	-0.701671
0.398219	-0.702704
0.39762	-0.703735
0.39702	-0.704766
0.39642	-0.705795
0.39582	-0.706822
0.39522	-0.707847
0.394621	-0.708869
0.394021	-0.709888
0.393421	-0.710903
0.392821	-0.711913
0.392221	-0.71292
0.391621	-0.713922
0.391021	-0.714919
0.390421	-0.71591
0.389821	-0.716897
0.389221	-0.71788
0.388621	-0.718858
0.388021	-0.719833
0.387421	-0.720803
0.386821	-0.721772
0.386221	-0.722737
0.385621	-0.723701
0.385021	-0.724663
0.384421	-0.725624
0.383822	-0.726583
0.383222	-0.727542
0.382622	-0.7285
0.382022	-0.729459
0.381422	-0.730417
0.380822	-0.731377
0.380222	-0.732337
0.379622	-0.733299
0.379022	-0.734262
0.378422	-0.735227
0.377822	-0.736195
0.377223	-0.737165
0.376623	-0.738137
0.376023	-0.739113
0.375423	-0.740092
0.374823	-0.741073
0.374223	-0.742058
0.373623	-0.743044
0.373023	-0.744033
0.372423	-0.745024
0.371823	-0.746016
0.371223	-0.74701
0.370623	-0.748004
0.370023	-0.749
0.369423	-0.749996
0.368823	-0.750993
0.368223	-0.75199
0.367623	-0.752987
0.367023	-0.753983
0.366423	-0.75498
0.365823	-0.755975
0.365223	-0.756969
0.364623	-0.757962
0.364023	-0.758954
0.363423	-0.759944
0.362823	-0.760932
0.362223	-0.761918
0.361623	-0.762902
0.361023	-0.763883
0.360423	-0.764862
0.359823	-0.765839
0.359223	-0.766813
0.358623	-0.767784
0.358023	-0.768754
0.357423	-0.76972
0.356823	-0.770685
0.356223	-0.771648
0.355623	-0.772608
0.355023	-0.773566
0.354422	-0.774522
0.353822	-0.775475
0.353222	-0.776427
0.352621	-0.777376
0.352021	-0.778323
0.351421	-0.779268
0.35082	-0.780211
0.35022	-0.781152
0.349619	-0.782089
0.349019	-0.783025
0.348418	-0.783957
0.347818	-0.784886
0.347217	-0.785813
0.346617	-0.786738
0.346016	-0.78766
0.345416	-0.788579
0.344816	-0.789493
0.344215	-0.790405
0.343615	-0.791314
0.343015	-0.79222
0.342414	-0.793124
0.341814	-0.794027
0.341214	-0.794928
0.340614	-0.795829
0.340014	-0.796729
0.339414	-0.797629
0.338814	-0.79853
0.338214	-0.799431
0.337614	-0.800333
0.337013	-0.801236
0.336413	-0.802142
0.335813	-0.80305
0.335213	-0.803961
0.334613	-0.804875
0.334013	-0.805793
0.333413	-0.806715
0.332812	-0.807643
0.332212	-0.808575
0.331612	-0.809514
0.331012	-0.810458
0.330411	-0.811408
0.329811	-0.812365
0.329211	-0.813328
0.328611	-0.814296
0.328011	-0.815268
0.327411	-0.816244
0.326811	-0.817224
0.326211	-0.818206
0.325611	-0.81919
0.32501	-0.820177
0.32441	-0.821164
0.32381	-0.822152
0.32321	-0.823141
0.32261	-0.82413
0.32201	-0.825118
0.32141	-0.826105
0.32081	-0.827092
0.32021	-0.828076
0.31961	-0.829059
0.31901	-0.830039
0.31841	-0.831015
0.31781	-0.831988
0.31721	-0.832957
0.31661	-0.833921
0.31601	-0.834879
0.31541	-0.835832
0.31481	-0.836779
0.31421	-0.837721
0.31361	-0.838658
0.313011	-0.839591
0.312411	-0.84052
0.311811	-0.841446
0.311211	-0.842369
0.310611	-0.84329
0.310011	-0.84421
0.309411	-0.845128
0.308811	-0.846046
0.308211	-0.846963
0.307611	-0.847881
0.307011	-0.8488
0.306411	-0.84972
0.305811	-0.850643
0.305211	-0.851569
0.304611	-0.852498
0.304011	-0.853431
0.303412	-0.85437
0.302812	-0.855314
0.302212	-0.856265
0.301612	-0.857222
0.301012	-0.858188
0.300412	-0.859161
0.299812	-0.860141
0.299212	-0.861129
0.298613	-0.862123
0.298013	-0.863122
0.297413	-0.864126
0.296813	-0.865134
0.296213	-0.866146
0.295613	-0.86716
0.295013	-0.868178
0.294413	-0.869197
0.293812	-0.870219
0.293212	-0.871241
0.292612	-0.872263
0.292012	-0.873286
0.291412	-0.874307
0.290813	-0.875327
0.290213	-0.876346
0.289613	-0.877361
0.289013	-0.878373
0.288414	-0.879381
0.287814	-0.880384
0.287214	-0.881381
0.286614	-0.882371
0.286015	-0.883355
0.285415	-0.884332
0.284815	-0.885302
0.284215	-0.886267
0.283616	-0.887226
0.283016	-0.888181
0.282416	-0.889132
0.281817	-0.89008
0.281217	-0.891025
0.280617	-0.891968
0.280018	-0.892909
0.279418	-0.893849
0.278818	-0.894789
0.278219	-0.895728
0.277619	-0.896668
0.27702	-0.897608
0.27642	-0.89855
0.27582	-0.899494
0.275221	-0.900441
0.274621	-0.901391
0.274022	-0.902345
0.273422	-0.903302
0.272823	-0.904264
0.272223	-0.905231
0.271623	-0.906203
0.271024	-0.907181
0.270424	-0.908164
0.269825	-0.909151
0.269226	-0.910142
0.268626	-0.911138
0.268027	-0.912137
0.267427	-0.913139
0.266828	-0.914145
0.266228	-0.915153
0.265629	-0.916165
0.265029	-0.917179
0.26443	-0.918195
0.263831	-0.919213
0.263231	-0.920233
0.262632	-0.921255
0.262033	-0.922279
0.261433	-0.923304
0.260833	-0.92433
0.260233	-0.925358
0.259634	-0.926385
0.259034	-0.927413
0.258435	-0.928441
0.257836	-0.929469
0.257237	-0.930498
0.256637	-0.931527
0.256038	-0.932556
0.255439	-0.933585
0.25484	-0.934616
0.254241	-0.935647
0.253641	-0.936678
0.253042	-0.937711
0.252443	-0.938744
0.251844	-0.939778
0.251245	-0.940813
0.250646	-0.941849
0.250047	-0.942887
0.249447	-0.943925
0.248848	-0.944965
0.248249	-0.946006
0.24765	-0.947049
0.247051	-0.948092
0.246452	-0.949138
0.245853	-0.950185
0.245254	-0.951234
0.244655	-0.952285
0.244056	-0.953338
0.243457	-0.954393
0.242858	-0.955451
0.242259	-0.95651
0.24166	-0.957571
0.241061	-0.958633
0.240462	-0.959697
0.239864	-0.960762
0.239265	-0.961827
0.238666	-0.962893
0.238067	-0.96396
0.237468	-0.965026
0.236869	-0.966093
0.236271	-0.967158
0.235672	-0.968223
0.235073	-0.969287
0.234475	-0.970349
0.233876	-0.97141
0.233277	-0.972469
0.232679	-0.973525
0.23208	-0.974579
0.231482	-0.97563
0.230883	-0.976678
0.230284	-0.977724
0.229686	-0.978767
0.229087	-0.979808
0.228488	-0.980847
0.227889	-0.981884
0.227291	-0.98292
0.226692	-0.983956
0.226094	-0.984992
0.225496	-0.986028
0.224897	-0.987064
0.224299	-0.988102
0.223701	-0.98914
0.223102	-0.990181
0.222504	-0.991224
0.221906	-0.992269
0.221307	-0.993317
0.220709	-0.99437
0.22011	-0.995426
0.219512	-0.996487
0.218914	-0.997552
0.218316	-0.998622
0.217718	-0.999698
0.21712	-1.00078
0.216521	-1.00187
0.215923	-1.00296
0.215325	-1.00407
0.214727	-1.00517
0.21413	-1.00628
0.213532	-1.0074
0.212934	-1.00852
0.212336	-1.00965
0.211738	-1.01078
0.21114	-1.01191
0.210542	-1.01305
0.209944	-1.01419
0.209347	-1.01534
0.208749	-1.01649
0.208151	-1.01764
0.207553	-1.0188
0.206956	-1.01996
0.206358	-1.02112
0.20576	-1.02229
0.205162	-1.02346
0.204565	-1.02463
0.203967	-1.02581
0.20337	-1.02698
0.202772	-1.02816
0.202175	-1.02934
0.201577	-1.03052
0.20098	-1.03171
0.200383	-1.03289
0.199785	-1.03408
0.199188	-1.03527
0.19859	-1.03646
0.197992	-1.03765
0.197395	-1.03883
0.196798	-1.04002
0.196201	-1.04121
0.195603	-1.0424
0.195006	-1.04358
0.194409	-1.04477
0.193812	-1.04595
0.193215	-1.04713
0.192618	-1.04831
0.19202	-1.04948
0.191423	-1.05066
0.190826	-1.05182
0.190229	-1.05299
0.189633	-1.05416
0.189036	-1.05532
0.188439	-1.05648
0.187842	-1.05765
0.187246	-1.05881
0.186649	-1.05998
0.186052	-1.06115
0.185455	-1.06232
0.184859	-1.0635
0.184262	-1.06468
0.183666	-1.06586
0.183069	-1.06705
0.182473	-1.06825
0.181877	-1.06946
0.18128	-1.07068
0.180684	-1.0719
0.180088	-1.07314
0.179491	-1.07438
0.178895	-1.07564
0.178299	-1.07691
0.177703	-1.07818
0.177107	-1.07947
0.176511	-1.08076
0.175915	-1.08206
0.175319	-1.08337
0.174723	-1.08468
0.174127	-1.086
0.173531	-1.08732
0.172935	-1.08863
0.172339	-1.08996
0.171744	-1.09128
0.171148	-1.0926
0.170552	-1.09391
0.169957	-1.09523
0.16936	-1.09654
0.168765	-1.09785
0.168169	-1.09915
0.167574	-1.10045
0.166979	-1.10174
0.166383	-1.10302
0.165788	-1.10429
0.165193	-1.10556
0.164597	-1.10683
0.164001	-1.1081
0.163406	-1.10937
0.162811	-1.11063
0.162216	-1.1119
0.161621	-1.11318
0.161026	-1.11446
0.160431	-1.11574
0.159836	-1.11704
0.15924	-1.11834
0.158646	-1.11966
0.158051	-1.12098
0.157456	-1.12232
0.156862	-1.12367
0.156267	-1.12504
0.155673	-1.12643
0.155078	-1.12784
0.154483	-1.12926
0.153889	-1.1307
0.153295	-1.13215
0.152701	-1.13361
0.152106	-1.13509
0.151512	-1.13658
0.150918	-1.13808
0.150324	-1.13958
0.14973	-1.1411
0.149136	-1.14262
0.148542	-1.14414
0.147949	-1.14567
0.147355	-1.14719
0.146761	-1.14872
0.146168	-1.15025
0.145574	-1.15178
0.14498	-1.15331
0.144387	-1.15483
0.143794	-1.15635
0.1432	-1.15787
0.142607	-1.15938
0.142014	-1.16089
0.14142	-1.16241
0.140827	-1.16393
0.140234	-1.16545
0.139641	-1.16698
0.139048	-1.16852
0.138455	-1.17007
0.137862	-1.17163
0.137269	-1.1732
0.136676	-1.17478
0.136084	-1.17639
0.135491	-1.17801
0.134899	-1.17965
0.134306	-1.18131
0.133713	-1.183
0.13312	-1.18471
0.132528	-1.18644
0.131936	-1.1882
0.131344	-1.18997
0.130752	-1.19176
0.130159	-1.19356
0.129566	-1.19537
0.128974	-1.19718
0.128382	-1.19899
0.127791	-1.2008
0.127199	-1.20261
0.126608	-1.2044
0.126015	-1.20619
0.125424	-1.20796
0.124832	-1.2097
0.124241	-1.21142
0.12365	-1.21312
0.123059	-1.21479
0.122468	-1.21643
0.121877	-1.21803
0.121286	-1.21961
0.120696	-1.22117
0.120105	-1.22272
0.119515	-1.22426
0.118925	-1.2258
0.118334	-1.22735
0.117744	-1.22892
0.117154	-1.2305
0.116564	-1.23211
0.115974	-1.23375
0.115385	-1.23544
0.114795	-1.23718
0.114205	-1.23898
0.113616	-1.24085
0.113026	-1.24278
0.112437	-1.24478
0.111847	-1.24686
0.111258	-1.249
0.110669	-1.25121
0.11008	-1.25346
0.109491	-1.25576
0.108901	-1.25809
0.108312	-1.26044
0.107723	-1.2628
0.107134	-1.26517
0.106546	-1.26752
0.105957	-1.26986
0.105367	-1.27218
0.104779	-1.27446
0.104191	-1.27669
0.103603	-1.27888
0.103015	-1.281
0.102426	-1.28307
0.101837	-1.28507
0.10125	-1.28701
0.100662	-1.2889
0.100075	-1.29076
0.0994865	-1.29261
0.0988984	-1.29444
0.0983117	-1.29628
0.0977252	-1.29813
0.0971386	-1.30001
0.0965509	-1.30194
0.0959635	-1.30393
0.0953774	-1.306
0.0947915	-1.30816
0.0942056	-1.31042
0.0936191	-1.3128
0.0930322	-1.31528
0.0924467	-1.31784
0.0918612	-1.32051
0.0912758	-1.32326
0.0906903	-1.32609
0.0901047	-1.32896
0.0895197	-1.33188
0.0889348	-1.33481
0.0883501	-1.33775
0.0877652	-1.34069
0.0871806	-1.3436
0.0865964	-1.34648
0.0860123	-1.3493
0.0854283	-1.35207
0.0848445	-1.35477
0.0842609	-1.35739
0.0836775	-1.35992
0.0830943	-1.36236
0.0825113	-1.36473
0.0819284	-1.36706
0.0813458	-1.36935
0.0807634	-1.37162
0.0801812	-1.3739
0.0795989	-1.37621
0.079017	-1.37854
0.0784353	-1.38095
0.0778538	-1.38344
0.0772724	-1.38605
0.0766911	-1.38878
0.0761101	-1.39165
0.0755292	-1.39464
0.0749485	-1.39775
0.0743678	-1.40098
0.0737874	-1.40432
0.0732071	-1.40776
0.072627	-1.41128
0.072047	-1.41485
0.0714673	-1.41845
0.0708878	-1.42208
0.0703084	-1.42571
0.0697292	-1.42934
0.0691503	-1.43294
0.0685716	-1.4365
0.0679932	-1.44001
0.0674149	-1.44346
0.066837	-1.44685
0.0662594	-1.45018
0.065682	-1.45347
0.0651046	-1.45673
0.0645277	-1.46
0.0639512	-1.46329
0.0633749	-1.46663
0.0627986	-1.47002
0.0622228	-1.47349
0.0616473	-1.47707
0.0610717	-1.48078
0.0604964	-1.48462
0.0599216	-1.4886
0.059347	-1.49272
0.0587726	-1.49701
0.0581984	-1.50145
0.0576246	-1.506
0.057051	-1.51066
0.0564776	-1.51541
0.0559046	-1.52021
0.0553319	-1.52507
0.0547594	-1.52996
0.0541873	-1.53487
0.0536156	-1.53979
0.0530442	-1.5447
0.0524729	-1.5496
0.0519022	-1.55446
0.051332	-1.55931
0.0507618	-1.56414
0.0501921	-1.56897
0.0496231	-1.57382
0.0490543	-1.57868
0.0484855	-1.58359
0.0479177	-1.58853
0.0473503	-1.59353
0.0467827	-1.59861
0.0462161	-1.60376
0.04565	-1.60899
0.045084	-1.61433
0.0445186	-1.61977
0.0439538	-1.6253
0.0433895	-1.63093
0.0428255	-1.63666
0.0422621	-1.64247
0.041699	-1.64837
0.0411365	-1.65436
0.0405747	-1.66044
0.0400132	-1.66661
0.0394523	-1.67288
0.0388921	-1.67924
0.0383324	-1.68572
0.0377731	-1.6923
0.0372146	-1.69899
0.0366562	-1.70581
0.0360987	-1.71275
0.035542	-1.71983
0.0349858	-1.72706
0.0344302	-1.73443
0.0338755	-1.74197
0.0333206	-1.74969
0.0327673	-1.75758
0.0322141	-1.76565
0.0316613	-1.77388
0.0311102	-1.78225
0.0305596	-1.79074
0.0300099	-1.79935
0.0294613	-1.80806
0.0289128	-1.81688
0.028366	-1.82578
0.02782	-1.83477
0.0272746	-1.84385
0.0267308	-1.85303
0.0261879	-1.86234
0.0256463	-1.87182
0.0251057	-1.88148
0.0245662	-1.89138
0.0240279	-1.90156
0.0234908	-1.91203
0.0229549	-1.92283
0.0224202	-1.934
0.0218869	-1.94553
0.0213548	-1.95738
0.0208242	-1.96948
0.020295	-1.98178
0.0197672	-1.99427
0.0192413	-2.00691
0.0187169	-2.0197
0.0181946	-2.0326
0.0176742	-2.04575
0.0171557	-2.05948
0.0166394	-2.07402
0.0161253	-2.08946
0.0156132	-2.10584
0.0151033	-2.12307
0.014596	-2.14093
0.014091	-2.15914
0.0135882	-2.17743
0.0130883	-2.19573
0.0125912	-2.2141
0.012097	-2.23246
0.011606	-2.25071
0.0111184	-2.26875
0.0106343	-2.2865
0.0101539	-2.30387
0.0096771	-2.32076
0.00920445	-2.33699
0.00873639	-2.35239
0.00827301	-2.3668
0.0078153	-2.38019
0.00736309	-2.39272
0.00691672	-2.40419
0.0064764	-2.41423
0.00604292	-2.42313
0.00561706	-2.43105
0.00519896	-2.43787
0.00478942	-2.44312
0.0043891	-2.44578
0.0039986	-2.44532
0.00361873	-2.44162
0.00325025	-2.43456
0.00289385	-2.42336
0.00255062	-2.40677
0.00222187	-2.38552
0.00190901	-2.35878
0.001613	-2.32441
0.00133581	-2.28161
0.00107882	-2.22779
0.000843814	-2.15904
0.000632971	-2.07248
0.000448039	-1.96778
0.000290472	-1.84616
0.000161505	-1.71034
6.19485e-05	-1.56268
-7.20846e-06	-1.4052
-4.50295e-05	-1.23997
-5.06037e-05	-1.06828
-2.2987e-05	-0.890449
3.86961e-05	-0.70852
0.000134117	-0.526923
0.000261931	-0.3496
0.000420828	-0.180156
0.000609532	-0.0224276
0.000826802	0.122155
0.00107186	0.25433
0.00134319	0.373406
0.0016402	0.47995
0.0019607	0.574275
0.00230246	0.655971
0.00266387	0.725661
0.003043	0.784393
0.00343788	0.833328
0.0038474	0.873698
0.00426996	0.906577
0.00470404	0.932961
0.00514872	0.953803
0.00560305	0.969945
0.00606641	0.982057
0.00653822	0.990611
0.00701773	0.996118
0.00750457	0.999169
0.00799831	1.00008
0.0084983	0.999065
0.00900393	0.996542
0.00951455	0.992763
0.0100302	0.987868
0.0105498	0.982127
0.0110733	0.975709
0.0116005	0.968703
0.0121312	0.961219
0.0126652	0.953341
0.0132023	0.945125
0.0137425	0.93667
0.0142854	0.928083
0.0148309	0.919413
0.0153792	0.910673
0.0159291	0.901896
0.0164817	0.893101
0.41861	-0.66859
0.41921	-0.667625
0.419809	-0.66666
0.420409	-0.665697
0.421008	-0.664736
0.421608	-0.663776
0.422208	-0.662817
0.422807	-0.66186
0.423407	-0.660905
0.424006	-0.659951
0.424606	-0.658998
0.425206	-0.658047
0.425805	-0.657098
0.426405	-0.656151
0.427004	-0.655206
0.427604	-0.654262
0.428203	-0.653321
0.428803	-0.652381
0.429403	-0.651444
0.430002	-0.650508
0.430602	-0.649575
0.431201	-0.648644
0.431801	-0.647715
0.4324	-0.646789
0.433	-0.645865
0.433599	-0.644943
0.434199	-0.644024
0.434798	-0.643108
0.435398	-0.642194
0.435997	-0.641284
0.436597	-0.640376
0.437196	-0.639472
0.437796	-0.63857
0.438395	-0.637673
0.438995	-0.636779
0.439594	-0.635888
0.440193	-0.635
0.440793	-0.634116
0.441392	-0.633234
0.441992	-0.632355
0.442592	-0.631478
0.443192	-0.630603
0.443792	-0.629731
0.444391	-0.628862
0.444991	-0.627994
0.44559	-0.627129
0.446189	-0.626266
0.446789	-0.625404
0.447388	-0.624544
0.447988	-0.623686
0.448587	-0.622829
0.449186	-0.621975
0.449786	-0.621122
0.450385	-0.62027
0.450984	-0.619421
0.451584	-0.618573
0.452183	-0.617726
0.452782	-0.616881
0.453382	-0.616038
0.453981	-0.615196
0.454581	-0.614356
0.455181	-0.613516
0.455782	-0.612677
0.456383	-0.61184
0.456983	-0.611005
0.457582	-0.610171
0.458182	-0.60934
0.458781	-0.608509
0.45938	-0.60768
0.459979	-0.606851
0.460579	-0.606023
0.461178	-0.605196
0.461777	-0.60437
0.462376	-0.603544
0.462976	-0.602718
0.463575	-0.601893
0.464174	-0.601068
0.464773	-0.600243
0.465373	-0.599418
0.465972	-0.598593
0.466571	-0.597767
0.467172	-0.59694
0.467772	-0.596112
0.468373	-0.595284
0.468973	-0.594455
0.469573	-0.593627
0.470172	-0.592799
0.470771	-0.591971
0.47137	-0.591143
0.471969	-0.590315
0.472569	-0.589488
0.473168	-0.588661
0.473767	-0.587836
0.474366	-0.587012
0.474965	-0.586188
0.475564	-0.585367
0.476163	-0.584546
0.476762	-0.583727
0.477361	-0.582909
0.477961	-0.582093
0.47856	-0.581278
0.479159	-0.580464
0.479759	-0.579652
0.480359	-0.578842
0.480959	-0.578034
0.481558	-0.57723
0.482157	-0.576428
0.482756	-0.575629
0.483355	-0.574832
0.483954	-0.57404
0.484553	-0.573251
0.485152	-0.572467
0.485751	-0.571686
0.48635	-0.57091
0.486949	-0.570137
0.487548	-0.569368
0.488147	-0.568603
0.488746	-0.56784
0.489345	-0.56708
0.489944	-0.566323
0.490543	-0.565567
0.491142	-0.564812
0.491741	-0.564059
0.49234	-0.563307
0.492939	-0.562557
0.493538	-0.561807
0.494137	-0.561057
0.494736	-0.560308
0.495335	-0.559558
0.495934	-0.558808
0.496533	-0.558057
0.497132	-0.557304
0.497731	-0.55655
0.498329	-0.555794
0.498928	-0.555035
0.499527	-0.554273
0.500126	-0.553507
0.500725	-0.552736
0.501324	-0.551961
0.501923	-0.551181
0.502522	-0.550396
0.503121	-0.549607
0.503719	-0.548813
0.504318	-0.548017
0.504917	-0.547217
0.505516	-0.546416
0.506115	-0.545612
0.506713	-0.544807
0.507312	-0.544001
0.507911	-0.543195
0.50851	-0.542389
0.509108	-0.541584
0.509707	-0.54078
0.510306	-0.539978
0.510905	-0.539177
0.511505	-0.538377
0.512104	-0.537582
0.512702	-0.53679
0.513301	-0.536002
0.5139	-0.535219
0.514498	-0.53444
0.515097	-0.533667
0.515696	-0.5329
0.516294	-0.532139
0.516893	-0.531387
0.517492	-0.530642
0.51809	-0.529905
0.518689	-0.529175
0.519288	-0.528452
0.519887	-0.527735
0.520487	-0.527022
0.521086	-0.526314
0.521685	-0.525611
0.522284	-0.524911
0.522883	-0.524215
0.523481	-0.52352
0.52408	-0.522827
0.524678	-0.522134
0.525277	-0.521442
0.525876	-0.520751
0.526474	-0.520058
0.527073	-0.519364
0.527671	-0.518669
0.52827	-0.517971
0.528869	-0.517269
0.529469	-0.516562
0.530069	-0.515852
0.530668	-0.515137
0.531266	-0.514418
0.531865	-0.513691
0.532463	-0.512957
0.533061	-0.512215
0.53366	-0.511464
0.534258	-0.510706
0.534857	-0.50994
0.535455	-0.509169
0.536054	-0.508391
0.536652	-0.507608
0.537251	-0.506821
0.53785	-0.50603
0.538449	-0.505236
0.539048	-0.504439
0.539647	-0.503642
0.540245	-0.502845
0.540843	-0.502047
0.541442	-0.501249
0.54204	-0.500452
0.542638	-0.499657
0.543237	-0.498864
0.543835	-0.498073
0.544433	-0.497286
0.545032	-0.496503
0.54563	-0.495724
0.546228	-0.494951
0.546827	-0.494183
0.547426	-0.493422
0.548024	-0.49267
0.548622	-0.491926
0.549221	-0.491191
0.549819	-0.490465
0.550417	-0.489747
0.551015	-0.489037
0.551614	-0.488333
0.552212	-0.487635
0.55281	-0.486943
0.553409	-0.486256
0.554007	-0.485572
0.554605	-0.484892
0.555203	-0.484215
0.555802	-0.483539
0.5564	-0.482864
0.556998	-0.482191
0.557596	-0.481518
0.558194	-0.480844
0.558793	-0.48017
0.559391	-0.479495
0.559989	-0.478817
0.560587	-0.478138
0.561185	-0.477456
0.561783	-0.47677
0.562381	-0.476081
0.56298	-0.475386
0.563578	-0.474687
0.564176	-0.473981
0.564774	-0.47327
0.565372	-0.472552
0.56597	-0.471829
0.566568	-0.4711
0.567166	-0.470366
0.567764	-0.469628
0.568362	-0.468886
0.56896	-0.468141
0.569558	-0.467392
0.570156	-0.466641
0.570754	-0.465888
0.571353	-0.465132
0.571951	-0.464376
0.572549	-0.463619
0.573147	-0.462861
0.573745	-0.462103
0.574343	-0.461346
0.574941	-0.460589
0.575539	-0.459833
0.576137	-0.459078
0.576735	-0.458325
0.577332	-0.457573
0.577931	-0.456824
0.578529	-0.456077
0.579128	-0.455332
0.579726	-0.454592
0.580323	-0.453856
0.580921	-0.453123
0.581519	-0.452394
0.582117	-0.451669
0.582715	-0.450946
0.583313	-0.450226
0.58391	-0.449509
0.584508	-0.448795
0.585106	-0.448083
0.585705	-0.447372
0.586303	-0.446663
0.586901	-0.445956
0.587499	-0.445251
0.588097	-0.444548
0.588695	-0.443845
0.589293	-0.443144
0.58989	-0.442444
0.590488	-0.441745
0.591086	-0.441047
0.591684	-0.440349
0.592281	-0.439651
0.59288	-0.438954
0.593478	-0.438256
0.594077	-0.437559
0.594674	-0.436862
0.595272	-0.436166
0.59587	-0.435469
0.596467	-0.434772
0.597065	-0.434075
0.597663	-0.433378
0.59826	-0.432681
0.598858	-0.431983
0.599456	-0.431285
0.600054	-0.430587
0.600652	-0.429887
0.60125	-0.429188
0.601848	-0.42849
0.602446	-0.427791
0.603043	-0.427092
0.603641	-0.426392
0.604238	-0.425692
0.604836	-0.424992
0.605433	-0.424292
0.606031	-0.423591
0.606628	-0.422889
0.607226	-0.422187
0.607824	-0.421483
0.608422	-0.420779
0.60902	-0.420075
0.609617	-0.419369
0.610215	-0.418663
0.610812	-0.417955
0.61141	-0.417246
0.612007	-0.416536
0.612604	-0.415825
0.613202	-0.415113
0.613799	-0.4144
0.614397	-0.413686
0.614995	-0.412971
0.615592	-0.412256
0.616189	-0.411541
0.616787	-0.410825
0.617384	-0.41011
0.617982	-0.409394
0.618579	-0.408679
0.619176	-0.407963
0.619774	-0.407249
0.620371	-0.406534
0.620968	-0.405821
0.621566	-0.405108
0.622163	-0.404397
0.62276	-0.403686
0.623358	-0.402976
0.623955	-0.402268
0.624552	-0.40156
0.62515	-0.400855
0.625747	-0.40015
0.626344	-0.399448
0.626941	-0.398747
0.627539	-0.398047
0.628136	-0.397349
0.628733	-0.396652
0.629331	-0.395956
0.629928	-0.395262
0.630525	-0.394569
0.631122	-0.393876
0.631719	-0.393185
0.632317	-0.392494
0.632914	-0.391804
0.633511	-0.391115
0.634108	-0.390426
0.634706	-0.389737
0.635303	-0.38905
0.6359	-0.388362
0.636497	-0.387676
0.637095	-0.386989
0.637692	-0.386303
0.638289	-0.385617
0.638886	-0.38493
0.639483	-0.384245
0.64008	-0.383559
0.640678	-0.382872
0.641275	-0.382185
0.641872	-0.381499
0.642469	-0.380812
0.643067	-0.380125
0.643664	-0.379438
0.644261	-0.378751
0.644858	-0.378063
0.645455	-0.377375
0.646052	-0.376687
0.646649	-0.375999
0.647247	-0.37531
0.647844	-0.374621
0.648441	-0.373933
0.649038	-0.373245
0.649635	-0.372557
0.650232	-0.37187
0.650829	-0.371182
0.651426	-0.370495
0.652023	-0.369808
0.65262	-0.369122
0.653217	-0.368435
0.653815	-0.367749
0.654412	-0.367064
0.655009	-0.36638
0.655606	-0.365697
0.656203	-0.365014
0.6568	-0.364333
0.657397	-0.363652
0.657993	-0.362971
0.65859	-0.362291
0.659187	-0.36161
0.659785	-0.360929
0.660382	-0.360249
0.660979	-0.359568
0.661576	-0.358887
0.662173	-0.358204
0.662769	-0.357521
0.663366	-0.356837
0.663963	-0.356152
0.66456	-0.355465
0.665157	-0.354776
0.665754	-0.354085
0.666351	-0.353392
0.666948	-0.352698
0.667545	-0.352003
0.668141	-0.351305
0.668738	-0.350605
0.669334	-0.349902
0.669931	-0.349197
0.670528	-0.348488
0.671124	-0.347777
0.671721	-0.347061
0.672318	-0.346343
0.672915	-0.345622
0.673512	-0.344899
0.674108	-0.344173
0.674705	-0.343446
0.675301	-0.342716
0.675898	-0.341986
0.676494	-0.341254
0.677091	-0.340521
0.677687	-0.339788
0.678284	-0.339055
0.67888	-0.338321
0.679477	-0.337588
0.680073	-0.336856
0.68067	-0.336124
0.681266	-0.335394
0.681863	-0.334665
0.682459	-0.333937
0.683055	-0.333212
0.683652	-0.332488
0.684248	-0.331767
0.684845	-0.33105
0.685441	-0.330335
0.686038	-0.329625
0.686634	-0.328918
0.68723	-0.328215
0.687827	-0.327516
0.688423	-0.32682
0.689019	-0.326126
0.689616	-0.325436
0.690212	-0.324747
0.690809	-0.324061
0.691405	-0.323376
0.692001	-0.322692
0.692598	-0.322009
0.693194	-0.321327
0.69379	-0.320646
0.694386	-0.319964
0.694983	-0.319283
0.695579	-0.318601
0.696176	-0.317918
0.696772	-0.317235
0.697368	-0.316551
0.697964	-0.315866
0.698561	-0.315179
0.699157	-0.31449
0.699753	-0.3138
0.700349	-0.313106
0.700946	-0.312409
0.701542	-0.31171
0.702138	-0.311009
0.702735	-0.310304
0.703331	-0.309598
0.703927	-0.308888
0.704523	-0.308177
0.705119	-0.307464
0.705715	-0.306749
0.706312	-0.306031
0.706908	-0.305313
0.707504	-0.304593
0.7081	-0.303873
0.708696	-0.303151
0.709292	-0.302429
0.709888	-0.301706
0.710484	-0.300982
0.71108	-0.300258
0.711677	-0.299533
0.712274	-0.298808
0.71287	-0.298083
0.713465	-0.297359
0.714061	-0.296634
0.714657	-0.295909
0.715253	-0.295185
0.715849	-0.294461
0.716445	-0.293737
0.717042	-0.293013
0.717638	-0.292289
0.718234	-0.291566
0.71883	-0.290843
0.719426	-0.290121
0.720021	-0.289399
0.720617	-0.288678
0.721213	-0.287958
0.721809	-0.287238
0.722405	-0.286518
0.723002	-0.285798
0.723598	-0.285081
0.724194	-0.284364
0.724789	-0.283648
0.725385	-0.282934
0.725981	-0.28222
0.726577	-0.281508
0.727172	-0.280798
0.727769	-0.280089
0.728365	-0.279381
0.728961	-0.278676
0.729556	-0.277974
0.730152	-0.277273
0.730748	-0.276574
0.731343	-0.275876
0.731939	-0.27518
0.732535	-0.274485
0.733131	-0.27379
0.733727	-0.273096
0.734323	-0.272402
0.734918	-0.271709
0.735514	-0.271015
0.73611	-0.270322
0.736705	-0.269627
0.737301	-0.268932
0.737896	-0.268236
0.738492	-0.267539
0.739088	-0.266841
0.739684	-0.266141
0.740279	-0.265439
0.740875	-0.264736
0.74147	-0.264031
0.742066	-0.263323
0.742661	-0.262612
0.743257	-0.261899
0.743852	-0.261182
0.744448	-0.260463
0.745043	-0.259742
0.745639	-0.259018
0.746234	-0.258291
0.74683	-0.257563
0.747425	-0.256832
0.748021	-0.2561
0.748616	-0.255366
0.749211	-0.254631
0.749807	-0.253894
0.750402	-0.253156
0.750997	-0.252417
0.751593	-0.251676
0.752188	-0.250935
0.752783	-0.250194
0.753379	-0.249452
0.753974	-0.248709
0.75457	-0.247966
0.755165	-0.247223
0.75576	-0.24648
0.756355	-0.245737
0.756951	-0.244994
0.757546	-0.244251
0.758141	-0.243509
0.758736	-0.242767
0.759332	-0.242025
0.759927	-0.241283
0.760522	-0.240542
0.761117	-0.2398
0.761713	-0.239059
0.762308	-0.238317
0.762903	-0.237576
0.763498	-0.236835
0.764094	-0.236093
0.764689	-0.235351
0.765284	-0.23461
0.765879	-0.233868
0.766474	-0.233127
0.767069	-0.232386
0.767664	-0.231644
0.768259	-0.230902
0.768855	-0.23016
0.76945	-0.229418
0.770045	-0.228676
0.77064	-0.227934
0.771235	-0.227192
0.77183	-0.22645
0.772425	-0.225708
0.773021	-0.224965
0.773616	-0.224222
0.774211	-0.223478
0.774806	-0.222735
0.775401	-0.221992
0.775996	-0.221249
0.776591	-0.220505
0.777186	-0.219761
0.777781	-0.219018
0.778376	-0.218273
0.778972	-0.217529
0.779567	-0.216784
0.780162	-0.21604
0.780757	-0.215296
0.781352	-0.214552
0.781946	-0.213808
0.782541	-0.213064
0.783136	-0.21232
0.783732	-0.211575
0.784327	-0.21083
0.784922	-0.210086
0.785517	-0.209341
0.786111	-0.208596
0.786706	-0.20785
0.787301	-0.207104
0.787896	-0.206357
0.788491	-0.205608
0.789086	-0.204859
0.789681	-0.204109
0.790276	-0.203359
0.79087	-0.202606
0.791465	-0.201853
0.79206	-0.201098
0.792654	-0.200341
0.79325	-0.199582
0.793844	-0.198822
0.794439	-0.198061
0.795034	-0.197297
0.795628	-0.196531
0.796223	-0.195763
0.796817	-0.194993
0.797412	-0.194221
0.798007	-0.193447
0.798602	-0.192671
0.799196	-0.191894
0.799791	-0.191116
0.800385	-0.190336
0.800979	-0.189556
0.801574	-0.188774
0.802168	-0.187992
0.802763	-0.18721
0.803358	-0.186427
0.803952	-0.185644
0.804546	-0.184861
0.805141	-0.184079
0.805735	-0.183297
0.80633	-0.182515
0.806924	-0.181734
0.807519	-0.180954
0.808113	-0.180175
0.808707	-0.179398
0.809302	-0.178622
0.809896	-0.177846
0.81049	-0.177072
0.811085	-0.176299
0.811679	-0.175526
0.812274	-0.174753
0.812868	-0.173981
0.813462	-0.173208
0.814056	-0.172435
0.814651	-0.171662
0.815245	-0.170888
0.815839	-0.170113
0.816433	-0.169336
0.817028	-0.168558
0.817622	-0.167779
0.818216	-0.166998
0.81881	-0.166214
0.819404	-0.165429
0.819999	-0.16464
0.820593	-0.163849
0.821187	-0.163055
0.821781	-0.162258
0.822375	-0.161458
0.822969	-0.160656
0.823564	-0.159851
0.824158	-0.159045
0.824752	-0.158236
0.825346	-0.157426
0.82594	-0.156614
0.826534	-0.155802
0.827128	-0.154988
0.827722	-0.154174
0.828316	-0.15336
0.82891	-0.152545
0.829504	-0.15173
0.830099	-0.150914
0.830693	-0.1501
0.831287	-0.149286
0.831881	-0.148473
0.832475	-0.147661
0.833069	-0.146851
0.833663	-0.146041
0.834257	-0.145232
0.834851	-0.144425
0.835445	-0.143618
0.836039	-0.142813
0.836633	-0.142008
0.837227	-0.141203
0.83782	-0.140399
0.838414	-0.139595
0.839009	-0.138791
0.839603	-0.137987
0.840197	-0.137183
0.84079	-0.13638
0.841384	-0.135576
0.841978	-0.134772
0.842572	-0.133967
0.843166	-0.133161
0.84376	-0.132355
0.844354	-0.131549
0.844948	-0.130742
0.845541	-0.129934
0.846135	-0.129126
0.846729	-0.128316
0.847323	-0.127505
0.847917	-0.126693
0.848511	-0.12588
0.849105	-0.125066
0.849698	-0.124251
0.850292	-0.123434
0.850885	-0.122615
0.851479	-0.121795
0.852073	-0.120971
0.852667	-0.120147
0.853261	-0.11932
0.853854	-0.118491
0.854448	-0.117659
0.855041	-0.116825
0.855635	-0.115988
0.856229	-0.115147
0.856822	-0.114303
0.857416	-0.113458
0.858009	-0.11261
0.858602	-0.11176
0.859196	-0.110907
0.859789	-0.110054
0.860383	-0.109198
0.860976	-0.108342
0.86157	-0.107485
0.862163	-0.106627
0.862756	-0.105769
0.86335	-0.104912
0.863943	-0.104054
0.864536	-0.103197
0.86513	-0.10234
0.865723	-0.101485
0.866316	-0.100632
0.866909	-0.0997799
0.867503	-0.0989294
0.868096	-0.0980802
0.868689	-0.0972319
0.869283	-0.0963844
0.869876	-0.0955375
0.870469	-0.094691
0.871062	-0.0938443
0.871655	-0.0929973
0.872248	-0.0921495
0.872842	-0.0913009
0.873435	-0.0904508
0.874028	-0.0895993
0.874621	-0.0887461
0.875214	-0.0878908
0.875807	-0.087033
0.8764	-0.0861727
0.876993	-0.0853094
0.877586	-0.0844431
0.878179	-0.083574
0.878772	-0.0827022
0.879365	-0.0818278
0.879958	-0.0809513
0.880551	-0.0800728
0.881144	-0.0791925
0.881737	-0.0783106
0.88233	-0.0774277
0.882923	-0.076544
0.883516	-0.0756597
0.884109	-0.0747749
0.884701	-0.07389
0.885294	-0.0730049
0.885888	-0.07212
0.88648	-0.0712361
0.887073	-0.070353
0.887666	-0.0694708
0.888259	-0.0685894
0.888852	-0.067709
0.889445	-0.0668286
0.890038	-0.065949
0.890631	-0.0650704
0.891223	-0.0641921
0.891816	-0.0633142
0.892409	-0.0624364
0.893002	-0.0615585
0.893595	-0.06068
0.894188	-0.0598016
0.89478	-0.0589233
0.895373	-0.0580447
0.895966	-0.0571655
0.896558	-0.0562858
0.897151	-0.0554055
0.897744	-0.0545234
0.898337	-0.0536412
0.89893	-0.0527582
0.899522	-0.0518742
0.900115	-0.0509888
0.900707	-0.0501022
0.9013	-0.0492137
0.901893	-0.0483229
0.902486	-0.0474315
0.903078	-0.0465386
0.903671	-0.0456439
0.904263	-0.0447472
0.904856	-0.0438486
0.905449	-0.0429468
0.906042	-0.0420429
0.906634	-0.0411377
0.907226	-0.0402304
0.907819	-0.0393212
0.908411	-0.0384101
0.909004	-0.0374972
0.909597	-0.036582
0.910189	-0.0356663
0.910781	-0.0347502
0.911374	-0.0338334
0.911966	-0.032916
0.912558	-0.0319984
0.913151	-0.0310804
0.913744	-0.0301618
0.914336	-0.0292446
0.914928	-0.0283282
0.91552	-0.0274127
0.916112	-0.026498
0.916705	-0.0255841
0.917297	-0.0246704
0.917889	-0.0237567
0.918482	-0.0228439
0.919074	-0.0219311
0.919666	-0.021018
0.920258	-0.0201043
0.92085	-0.0191898
0.921442	-0.0182735
0.922035	-0.0173564
0.922627	-0.016438
0.923219	-0.0155176
0.923811	-0.0145951
0.924402	-0.0136704
0.924995	-0.0127434
0.925587	-0.011814
0.926179	-0.0108834
0.926771	-0.00995138
0.927363	-0.00901815
0.927954	-0.00808403
0.928546	-0.00714936
0.929138	-0.006214
0.92973	-0.00527899
0.930322	-0.00434454
0.930914	-0.00341085
0.931506	-0.00247824
0.932097	-0.00154697
0.932689	-0.000617103
0.933281	0.000311352
0.933873	0.0012382
0.934465	0.00216362
0.935057	0.00308775
0.935648	0.00401071
)
