(title "Pressure Coefficient")
(labels "Position" "Pressure Coefficient")

((xy/key/label "wing")
0.0164817	0.493901
0.0170357	0.482467
0.0175915	0.471437
0.018149	0.460791
0.0187081	0.450501
0.0192686	0.440552
0.0198308	0.430923
0.0203941	0.421598
0.0209588	0.412568
0.0215249	0.403803
0.022092	0.395287
0.02266	0.387001
0.0232294	0.378937
0.0237998	0.371102
0.024371	0.363499
0.0249431	0.356128
0.0255164	0.348991
0.0260904	0.342097
0.0266652	0.335446
0.027241	0.329038
0.0278175	0.322867
0.0283947	0.316922
0.0289726	0.311188
0.0295513	0.305648
0.0301306	0.300286
0.0307104	0.295089
0.0312908	0.290038
0.0318719	0.285112
0.0324533	0.280294
0.0330353	0.275575
0.0336177	0.270952
0.0342007	0.266421
0.0347841	0.261983
0.0353679	0.257635
0.0359521	0.253375
0.0365367	0.249204
0.0371219	0.245117
0.0377077	0.241114
0.0382935	0.237197
0.0388796	0.233363
0.0394661	0.229612
0.0400533	0.225941
0.0406412	0.22235
0.0412289	0.218844
0.0418167	0.215418
0.0424048	0.212072
0.0429933	0.208801
0.0435829	0.205603
0.0441722	0.202481
0.0447614	0.199432
0.045351	0.196456
0.0459407	0.193551
0.0465311	0.190715
0.0471216	0.187951
0.0477122	0.185259
0.048303	0.182639
0.048894	0.18009
0.0494852	0.177613
0.0500767	0.175209
0.0506684	0.172876
0.0512603	0.170613
0.0518523	0.168419
0.0524446	0.16629
0.053037	0.164221
0.0536296	0.162208
0.0542227	0.160247
0.0548157	0.158333
0.0554088	0.156461
0.056002	0.154625
0.0565954	0.152819
0.0571889	0.151038
0.0577826	0.149277
0.0583767	0.147531
0.0589709	0.145801
0.059565	0.144086
0.0601591	0.142386
0.0607534	0.140702
0.0613478	0.139035
0.0619424	0.137385
0.0625371	0.135754
0.0631321	0.134141
0.063727	0.132548
0.0643219	0.130975
0.064917	0.129421
0.0655122	0.127888
0.0661075	0.126375
0.0667028	0.124885
0.0672983	0.123417
0.067894	0.121974
0.0684898	0.120555
0.0690855	0.119163
0.0696814	0.117799
0.0702773	0.116464
0.0708733	0.115158
0.0714695	0.113884
0.0720657	0.112643
0.072662	0.111436
0.0732585	0.110264
0.0738553	0.109126
0.0744519	0.108022
0.0750485	0.10695
0.0756452	0.105909
0.0762419	0.104896
0.0768388	0.103908
0.0774357	0.102945
0.0780326	0.102003
0.0786297	0.10108
0.0792268	0.100174
0.0798241	0.0992814
0.0804213	0.0984008
0.0810186	0.0975293
0.0816159	0.0966649
0.0822132	0.0958066
0.0828107	0.094954
0.0834081	0.094107
0.0840057	0.0932659
0.0846032	0.092431
0.0852009	0.0916027
0.0857985	0.0907815
0.0863967	0.0899673
0.086995	0.0891608
0.0875931	0.088363
0.088191	0.0875742
0.0887889	0.0867942
0.0893868	0.0860233
0.0899848	0.0852614
0.0905828	0.0845089
0.0911809	0.0837661
0.091779	0.0830334
0.0923772	0.0823114
0.0929753	0.0816005
0.0935736	0.0809013
0.0941727	0.0802135
0.0947724	0.0795378
0.0953721	0.0788755
0.0959712	0.0782278
0.0965697	0.0775955
0.0971681	0.0769784
0.0977666	0.0763771
0.0983651	0.0757925
0.0989636	0.0752251
0.0995622	0.074675
0.100161	0.0741412
0.100759	0.0736226
0.101358	0.0731177
0.101957	0.0726247
0.102556	0.0721418
0.103155	0.0716666
0.103755	0.0711973
0.104355	0.0707322
0.104954	0.0702693
0.105553	0.0698063
0.106151	0.0693406
0.10675	0.0688697
0.107349	0.0683916
0.107948	0.0679043
0.108547	0.0674049
0.109146	0.0668911
0.109745	0.0663628
0.110344	0.0658214
0.110943	0.0652691
0.111542	0.0647087
0.112141	0.0641436
0.11274	0.0635771
0.11334	0.0630133
0.113939	0.0624554
0.114538	0.0619061
0.115137	0.0613681
0.115736	0.0608443
0.116336	0.0603379
0.116935	0.0598522
0.117534	0.0593906
0.118133	0.0589564
0.118733	0.0585517
0.119332	0.0581765
0.119931	0.0578298
0.120531	0.0575098
0.12113	0.0572142
0.121729	0.0569405
0.122329	0.056686
0.122928	0.0564477
0.123528	0.0562228
0.124127	0.0560084
0.124727	0.0558014
0.125326	0.0555988
0.125926	0.0553978
0.126525	0.0551951
0.127126	0.0549875
0.127726	0.0547718
0.128326	0.0545455
0.128926	0.054307
0.129526	0.0540552
0.130126	0.0537899
0.130726	0.0535119
0.131325	0.0532231
0.131925	0.0529256
0.132524	0.0526221
0.133124	0.0523155
0.133724	0.0520082
0.134323	0.0517024
0.134923	0.0514001
0.135523	0.0511034
0.136122	0.0508145
0.136722	0.0505356
0.137322	0.0502691
0.137921	0.0500174
0.138521	0.049783
0.139121	0.0495681
0.139721	0.0493733
0.14032	0.0491982
0.14092	0.0490416
0.14152	0.0489018
0.14212	0.0487768
0.142719	0.0486645
0.143319	0.0485627
0.143919	0.0484689
0.144519	0.048381
0.145119	0.0482966
0.145719	0.0482133
0.146319	0.0481288
0.146918	0.0480408
0.147518	0.0479467
0.148118	0.047844
0.148718	0.0477308
0.149318	0.0476049
0.149918	0.0474633
0.150517	0.0473037
0.151117	0.0471253
0.151717	0.0469292
0.152317	0.0467171
0.152917	0.0464912
0.153517	0.0462544
0.154117	0.0460092
0.154717	0.0457583
0.155317	0.0455045
0.155916	0.0452506
0.156516	0.044999
0.157116	0.0447518
0.157716	0.0445109
0.158316	0.0442785
0.158916	0.0440567
0.159516	0.0438481
0.160116	0.0436551
0.160716	0.0434805
0.161316	0.0433263
0.161916	0.0431932
0.162516	0.0430806
0.163116	0.0429875
0.163716	0.0429124
0.164316	0.0428536
0.164916	0.0428088
0.165516	0.042776
0.166116	0.0427537
0.166716	0.0427399
0.167315	0.0427322
0.167915	0.0427284
0.168515	0.0427271
0.169115	0.0427268
0.169715	0.0427256
0.170315	0.0427216
0.170915	0.0427126
0.171515	0.0426961
0.172115	0.04267
0.172715	0.0426332
0.173315	0.0425842
0.173916	0.0425225
0.174516	0.0424484
0.175116	0.042363
0.175716	0.0422679
0.176316	0.0421649
0.176916	0.0420558
0.177516	0.0419426
0.178116	0.041827
0.178716	0.0417105
0.179316	0.0415944
0.179916	0.0414801
0.180516	0.0413689
0.181116	0.0412624
0.181716	0.0411621
0.182316	0.0410694
0.182917	0.040986
0.183517	0.0409137
0.184117	0.0408543
0.184718	0.0408089
0.185318	0.040778
0.185919	0.0407606
0.18652	0.040755
0.18712	0.0407619
0.187721	0.0407811
0.188322	0.0408088
0.188923	0.0408437
0.189524	0.0408847
0.190125	0.0409297
0.190726	0.0409772
0.191327	0.0410256
0.191928	0.0410735
0.192529	0.0411193
0.19313	0.0411615
0.193732	0.0411985
0.194333	0.0412287
0.194934	0.0412505
0.195535	0.0412624
0.196137	0.0412628
0.196738	0.0412499
0.19734	0.0412221
0.197941	0.0411792
0.198543	0.0411221
0.199144	0.0410522
0.199746	0.0409715
0.200347	0.0408817
0.200949	0.0407851
0.201551	0.0406836
0.202152	0.0405792
0.202754	0.0404741
0.203355	0.0403696
0.203957	0.0402668
0.204559	0.0401677
0.20516	0.0400736
0.205762	0.0399863
0.206364	0.0399074
0.206965	0.0398387
0.207567	0.0397821
0.208168	0.0397397
0.20877	0.0397132
0.209371	0.0397027
0.209973	0.0397105
0.210574	0.0397375
0.211176	0.0397807
0.21178	0.0398386
0.212384	0.03991
0.212988	0.0399928
0.213591	0.0400851
0.214194	0.0401851
0.214796	0.040291
0.215398	0.0404012
0.216	0.0405138
0.216601	0.0406273
0.217202	0.04074
0.217803	0.0408505
0.218403	0.0409571
0.219003	0.0410583
0.219603	0.0411522
0.220203	0.0412372
0.220803	0.0413117
0.221403	0.0413743
0.222003	0.0414229
0.222603	0.0414561
0.223203	0.0414739
0.223803	0.0414768
0.224403	0.0414657
0.225003	0.0414425
0.225603	0.0414089
0.226203	0.0413663
0.226803	0.0413163
0.227403	0.0412604
0.228003	0.0411998
0.228603	0.0411361
0.229203	0.0410706
0.229803	0.0410045
0.230403	0.0409387
0.231003	0.0408743
0.231603	0.0408123
0.232203	0.040754
0.232803	0.0407006
0.233403	0.0406533
0.234003	0.0406135
0.234603	0.0405826
0.235203	0.0405615
0.235803	0.04055
0.236403	0.0405478
0.237003	0.0405559
0.237603	0.0405737
0.238203	0.0405997
0.238803	0.0406334
0.239403	0.0406742
0.240003	0.0407211
0.240603	0.0407735
0.241203	0.040831
0.241803	0.0408928
0.242403	0.0409584
0.243003	0.0410275
0.243603	0.0410994
0.244203	0.0411737
0.244803	0.0412499
0.245403	0.0413275
0.246003	0.041406
0.246603	0.0414849
0.247203	0.0415637
0.247803	0.041642
0.248403	0.0417192
0.249003	0.0417953
0.249603	0.0418702
0.250203	0.0419438
0.250803	0.0420163
0.251403	0.0420879
0.252003	0.0421587
0.252603	0.0422287
0.253203	0.0422983
0.253803	0.0423676
0.254403	0.0424366
0.255003	0.0425056
0.255603	0.0425746
0.256203	0.0426438
0.256803	0.0427132
0.257402	0.0427831
0.258002	0.0428535
0.258602	0.0429245
0.259202	0.0429963
0.259802	0.043069
0.260403	0.0431427
0.261003	0.0432177
0.261604	0.0432941
0.262204	0.0433718
0.262805	0.0434508
0.263405	0.0435307
0.264006	0.0436113
0.264606	0.0436923
0.265206	0.0437732
0.265806	0.0438537
0.266406	0.0439337
0.267006	0.0440126
0.267606	0.0440901
0.268206	0.044166
0.268806	0.0442397
0.269406	0.044311
0.270006	0.0443795
0.270605	0.0444447
0.271205	0.0445064
0.271805	0.0445639
0.272405	0.0446169
0.273005	0.0446648
0.273605	0.0447072
0.274205	0.0447436
0.274805	0.0447733
0.275405	0.0447958
0.276005	0.0448106
0.276605	0.0448181
0.277205	0.0448186
0.277805	0.0448128
0.278404	0.0448019
0.279004	0.0447867
0.279604	0.0447682
0.280204	0.0447475
0.280804	0.0447254
0.281404	0.0447027
0.282004	0.0446801
0.282604	0.0446582
0.283204	0.0446378
0.283804	0.0446199
0.284404	0.044605
0.285003	0.0445941
0.285603	0.0445876
0.286203	0.0445864
0.286803	0.0445921
0.287403	0.0446059
0.288003	0.0446282
0.288603	0.0446602
0.289203	0.044703
0.289803	0.0447569
0.290402	0.0448219
0.291002	0.0448973
0.291602	0.0449824
0.292202	0.0450764
0.292803	0.0451782
0.293403	0.0452869
0.294003	0.0454014
0.294603	0.0455209
0.295203	0.0456442
0.295803	0.0457706
0.296403	0.0458992
0.297003	0.046029
0.297602	0.0461594
0.298202	0.0462894
0.298802	0.0464182
0.299402	0.0465449
0.300002	0.0466688
0.300602	0.046789
0.301202	0.0469045
0.301801	0.0470145
0.302401	0.0471177
0.303001	0.0472134
0.303601	0.047301
0.304201	0.0473799
0.304801	0.04745
0.305401	0.0475115
0.306	0.047565
0.3066	0.047611
0.3072	0.0476504
0.3078	0.0476838
0.3084	0.0477118
0.309	0.0477351
0.3096	0.0477542
0.310199	0.0477697
0.310799	0.0477821
0.311399	0.0477919
0.311999	0.0477996
0.312599	0.0478054
0.313199	0.0478098
0.313798	0.0478132
0.314398	0.0478162
0.314998	0.047819
0.315598	0.0478222
0.316198	0.0478263
0.316798	0.0478315
0.317397	0.0478385
0.317997	0.0478476
0.318598	0.0478591
0.319198	0.0478728
0.319798	0.047889
0.320397	0.0479075
0.320997	0.0479284
0.321597	0.0479515
0.322197	0.0479769
0.322797	0.0480045
0.323396	0.0480342
0.323996	0.0480661
0.324596	0.0481001
0.325196	0.0481362
0.325796	0.0481745
0.326396	0.0482149
0.326995	0.0482576
0.327595	0.0483026
0.328195	0.04835
0.328795	0.0483998
0.329395	0.0484521
0.329994	0.0485072
0.330594	0.048565
0.331194	0.0486258
0.331794	0.0486897
0.332394	0.0487569
0.332993	0.0488274
0.333593	0.0489008
0.334193	0.048977
0.334793	0.0490555
0.335393	0.049136
0.335992	0.0492181
0.336592	0.0493015
0.337192	0.0493858
0.337792	0.0494706
0.338392	0.0495555
0.338991	0.0496402
0.339591	0.0497243
0.340191	0.0498075
0.340791	0.0498893
0.341391	0.0499696
0.341991	0.0500477
0.342591	0.0501234
0.343191	0.0501962
0.34379	0.0502658
0.34439	0.0503316
0.34499	0.0503933
0.34559	0.0504503
0.34619	0.0505022
0.346789	0.0505487
0.347389	0.0505893
0.347989	0.0506238
0.348589	0.0506526
0.349188	0.0506758
0.349788	0.050694
0.350388	0.0507076
0.350988	0.0507171
0.351588	0.0507231
0.352187	0.0507259
0.352787	0.0507261
0.353387	0.050724
0.353987	0.0507199
0.354587	0.0507143
0.355186	0.0507074
0.355786	0.0506996
0.356386	0.0506912
0.356986	0.0506825
0.357585	0.0506739
0.358185	0.0506658
0.358785	0.0506585
0.359385	0.0506523
0.359985	0.0506477
0.360584	0.0506451
0.361184	0.0506447
0.361784	0.0506473
0.362384	0.0506531
0.362983	0.0506619
0.363583	0.0506735
0.364183	0.0506878
0.364783	0.0507045
0.365383	0.0507233
0.365983	0.050744
0.366582	0.0507663
0.367182	0.05079
0.367782	0.0508147
0.368382	0.0508404
0.368981	0.0508666
0.369581	0.0508933
0.370181	0.0509201
0.370781	0.0509469
0.37138	0.0509734
0.37198	0.0509996
0.37258	0.0510251
0.37318	0.0510497
0.373779	0.0510734
0.374379	0.0510958
0.374979	0.0511167
0.375579	0.051136
0.376178	0.0511533
0.376778	0.0511684
0.377378	0.0511812
0.377978	0.0511917
0.378577	0.0511998
0.379177	0.0512056
0.379777	0.051209
0.380377	0.05121
0.380976	0.0512088
0.381576	0.0512053
0.382176	0.0511996
0.382776	0.0511917
0.383376	0.0511816
0.383976	0.0511693
0.384575	0.0511547
0.385175	0.0511378
0.385775	0.0511185
0.386375	0.0510967
0.386974	0.0510724
0.387574	0.0510455
0.388174	0.0510157
0.388774	0.0509831
0.389373	0.0509473
0.389973	0.0509084
0.390573	0.0508661
0.391173	0.0508202
0.391772	0.0507706
0.392372	0.0507171
0.392972	0.05066
0.393572	0.0505993
0.394171	0.0505354
0.394771	0.0504687
0.395371	0.0503995
0.395971	0.0503282
0.39657	0.050255
0.39717	0.0501804
0.39777	0.0501045
0.39837	0.0500277
0.398969	0.0499505
0.399569	0.049873
0.400169	0.0497955
0.400769	0.0497183
0.401368	0.0496416
0.401968	0.0495657
0.402568	0.0494907
0.403168	0.049417
0.403768	0.0493448
0.404368	0.0492744
0.404968	0.0492062
0.405567	0.0491405
0.406167	0.0490777
0.406767	0.0490181
0.407367	0.0489619
0.407966	0.0489093
0.408566	0.04886
0.409166	0.0488141
0.409765	0.0487712
0.410365	0.0487311
0.410965	0.0486935
0.411565	0.0486582
0.412164	0.048625
0.412764	0.0485937
0.413364	0.048564
0.413963	0.0485357
0.414563	0.0485085
0.415163	0.0484823
0.415763	0.0484568
0.416362	0.0484318
0.416962	0.0484071
0.417562	0.0483826
0.418161	0.048358
0.418761	0.0483331
0.419361	0.0483078
0.419961	0.0482817
0.42056	0.0482546
0.42116	0.0482263
0.42176	0.0481964
0.422359	0.0481647
0.422959	0.048131
0.423559	0.0480955
0.424159	0.0480584
0.424758	0.0480201
0.425358	0.0479808
0.425958	0.0479409
0.426558	0.0479009
0.427157	0.0478611
0.427757	0.0478218
0.428357	0.0477835
0.428956	0.0477465
0.429556	0.0477111
0.430156	0.0476777
0.430755	0.0476466
0.431355	0.0476181
0.431955	0.0475927
0.432554	0.0475705
0.433154	0.047552
0.433754	0.0475376
0.434353	0.0475277
0.434953	0.0475224
0.435553	0.0475223
0.436152	0.0475286
0.436752	0.0475416
0.437352	0.0475619
0.437951	0.0475899
0.438551	0.0476257
0.439151	0.0476691
0.43975	0.0477196
0.44035	0.0477765
0.44095	0.0478393
0.441549	0.0479071
0.442149	0.0479792
0.442749	0.048055
0.443348	0.0481336
0.443948	0.0482144
0.444548	0.0482967
0.445147	0.04838
0.445747	0.0484634
0.446347	0.0485465
0.446946	0.0486286
0.447546	0.0487091
0.448145	0.0487873
0.448745	0.0488625
0.449345	0.0489342
0.449944	0.0490015
0.450544	0.0490637
0.451144	0.0491202
0.451743	0.0491701
0.452343	0.0492128
0.452942	0.0492471
0.453542	0.0492717
0.454142	0.0492863
0.454741	0.0492916
0.455341	0.0492871
0.455941	0.0492736
0.45654	0.0492531
0.45714	0.0492264
0.45774	0.049194
0.458339	0.0491572
0.458939	0.0491167
0.459539	0.0490735
0.460139	0.0490282
0.460738	0.0489818
0.461338	0.048935
0.461938	0.0488884
0.462537	0.0488427
0.463137	0.0487986
0.463736	0.0487567
0.464336	0.0487178
0.464936	0.0486827
0.465535	0.0486521
0.466135	0.0486268
0.466734	0.048608
0.467334	0.0485962
0.467934	0.0485917
0.468533	0.0485969
0.469133	0.048613
0.469732	0.0486392
0.470332	0.0486753
0.470932	0.0487211
0.471531	0.0487759
0.472131	0.0488387
0.47273	0.0489088
0.47333	0.0489856
0.473929	0.0490681
0.474529	0.0491557
0.475129	0.0492477
0.475729	0.0493432
0.476328	0.0494417
0.476928	0.0495425
0.477527	0.0496449
0.478127	0.0497484
0.478727	0.0498523
0.479326	0.0499561
0.479926	0.0500591
0.480525	0.0501609
0.481125	0.0502607
0.481724	0.050358
0.482324	0.0504522
0.482923	0.0505426
0.483523	0.0506285
0.484122	0.050709
0.484722	0.0507835
0.485322	0.0508518
0.485921	0.0509138
0.486521	0.0509698
0.48712	0.05102
0.48772	0.0510647
0.488319	0.0511045
0.488919	0.0511399
0.489518	0.0511712
0.490118	0.0511988
0.490718	0.0512232
0.491317	0.0512448
0.491917	0.0512638
0.492516	0.0512807
0.493116	0.0512958
0.493715	0.0513093
0.494315	0.0513217
0.494915	0.0513332
0.495514	0.0513441
0.496114	0.0513547
0.496713	0.0513653
0.497313	0.0513762
0.497912	0.0513877
0.498512	0.0514001
0.499111	0.0514138
0.499711	0.051429
0.50031	0.0514462
0.50091	0.0514654
0.501509	0.0514868
0.502109	0.0515103
0.502708	0.051536
0.503308	0.0515639
0.503908	0.0515938
0.504507	0.0516257
0.505107	0.0516597
0.505706	0.0516956
0.506306	0.0517335
0.506906	0.0517732
0.507505	0.0518148
0.508105	0.0518582
0.508704	0.0519034
0.509304	0.0519504
0.509903	0.0519991
0.510503	0.0520497
0.511102	0.0521021
0.511702	0.0521563
0.512301	0.0522125
0.512901	0.0522706
0.5135	0.0523309
0.5141	0.0523935
0.514699	0.0524585
0.515299	0.0525262
0.515898	0.0525968
0.516498	0.0526702
0.517097	0.0527464
0.517697	0.0528252
0.518296	0.0529064
0.518896	0.0529897
0.519495	0.0530747
0.520095	0.0531611
0.520695	0.0532486
0.521294	0.0533369
0.521894	0.0534257
0.522494	0.0535147
0.523093	0.0536035
0.523693	0.0536919
0.524292	0.0537796
0.524892	0.0538663
0.525491	0.0539518
0.526091	0.0540355
0.52669	0.0541173
0.527289	0.0541967
0.527889	0.0542735
0.528488	0.0543472
0.529088	0.0544174
0.529687	0.0544836
0.530287	0.0545454
0.530886	0.0546022
0.531486	0.0546537
0.532085	0.0546997
0.532685	0.05474
0.533284	0.0547749
0.533884	0.0548046
0.534483	0.0548297
0.535083	0.0548507
0.535683	0.054868
0.536283	0.0548823
0.536883	0.054894
0.537483	0.0549035
0.538082	0.0549112
0.538681	0.0549175
0.539281	0.0549229
0.53988	0.0549276
0.54048	0.0549321
0.541079	0.0549368
0.541679	0.054942
0.542278	0.0549483
0.542878	0.0549558
0.543477	0.054965
0.544077	0.0549763
0.544676	0.05499
0.545276	0.0550067
0.545875	0.0550266
0.546475	0.0550505
0.547074	0.0550786
0.547674	0.0551112
0.548273	0.0551483
0.548873	0.0551899
0.549473	0.0552356
0.550073	0.0552853
0.550673	0.0553387
0.551273	0.0553953
0.551872	0.055455
0.552472	0.0555176
0.553071	0.0555827
0.55367	0.0556502
0.55427	0.0557199
0.554869	0.0557915
0.555469	0.0558649
0.556068	0.0559398
0.556668	0.0560162
0.557267	0.0560937
0.557866	0.0561722
0.558466	0.0562515
0.559065	0.0563314
0.559665	0.0564118
0.560264	0.0564925
0.560864	0.0565734
0.561463	0.0566541
0.562062	0.0567348
0.562662	0.0568151
0.935648	0.00983127
0.93624	0.0107736
0.936832	0.011716
0.937424	0.012659
0.938015	0.0136025
0.938607	0.0145467
0.939199	0.0154919
0.93979	0.0164383
0.940382	0.0173863
0.940974	0.018336
0.941566	0.0192877
0.942157	0.0202416
0.942749	0.0211981
0.94334	0.0221577
0.943932	0.0231205
0.944524	0.0240876
0.945115	0.0250583
0.945707	0.0260334
0.946298	0.0270134
0.94689	0.0279987
0.947481	0.0289891
0.948073	0.0299848
0.948664	0.0309848
0.949256	0.0319883
0.949847	0.0329948
0.950438	0.0340034
0.95103	0.0350134
0.951621	0.0360242
0.952213	0.0370344
0.952804	0.0380424
0.953396	0.0390477
0.953987	0.0400499
0.954578	0.0410488
0.95517	0.0420454
0.955762	0.0430408
0.956353	0.0440345
0.956944	0.0450287
0.957536	0.046025
0.958127	0.0470249
0.958718	0.0480299
0.95931	0.0490429
0.959901	0.0500633
0.960492	0.0510928
0.961083	0.0521318
0.961674	0.0531796
0.962266	0.0542356
0.962857	0.0552989
0.963448	0.0563662
0.964039	0.0574359
0.96463	0.0585067
0.965221	0.0595766
0.965812	0.0606437
0.966404	0.0617078
0.966996	0.0627663
0.967587	0.063819
0.968178	0.0648674
0.968769	0.0659126
0.969359	0.0669558
0.969951	0.0679993
0.970542	0.0690441
0.971133	0.0700904
0.971724	0.0711407
0.972315	0.072196
0.972906	0.0732566
0.973497	0.0743236
0.974088	0.0753958
0.974679	0.0764715
0.97527	0.0775511
0.975861	0.0786341
0.976451	0.0797198
0.977042	0.0808082
0.977634	0.0818984
0.978224	0.082988
0.978815	0.0840777
0.979406	0.0851669
0.979996	0.0862549
0.980587	0.0873414
0.981178	0.0884267
0.981769	0.0895083
0.982359	0.0905874
0.98295	0.0916642
0.983541	0.0927393
0.984131	0.0938137
0.984722	0.094888
0.985313	0.0959614
0.985904	0.0970354
0.986494	0.0981108
0.987084	0.099188
0.987675	0.100268
0.988266	0.101351
0.988856	0.102437
0.989446	0.103525
0.990036	0.104616
0.990626	0.105704
0.991216	0.106793
0.991807	0.107876
0.992397	0.108953
0.992987	0.110033
0.993577	0.111084
0.994168	0.112092
0.994759	0.113045
0.995349	0.11392
0.99594	0.11475
0.996529	0.115556
0.997118	0.116363
0.997709	0.117077
0.9983	0.117617
0.998891	0.117657
0.999478	0.117126
1.00007	0.115679
1.0004	0.117876
1.00031	0.118798
1.00006	0.11217
0.999607	0.111559
0.999007	0.118201
0.998407	0.121143
0.997809	0.120843
0.997211	0.120805
0.996612	0.121692
0.996012	0.122308
0.995413	0.122489
0.994813	0.12231
0.994214	0.122008
0.993615	0.121861
0.993015	0.121873
0.992416	0.121842
0.991817	0.12174
0.991217	0.121544
0.990618	0.121241
0.990019	0.120885
0.989419	0.120516
0.98882	0.120159
0.988221	0.119839
0.987621	0.11956
0.987022	0.119307
0.986423	0.119056
0.985823	0.118779
0.985224	0.118458
0.984625	0.118089
0.984025	0.11768
0.983426	0.11725
0.982827	0.116816
0.982227	0.116399
0.981628	0.116019
0.981029	0.11569
0.980429	0.115422
0.97983	0.115215
0.979231	0.115062
0.978631	0.114946
0.978032	0.114851
0.977433	0.114759
0.976833	0.114653
0.976234	0.114521
0.975635	0.114354
0.975035	0.11415
0.974436	0.113913
0.973836	0.113645
0.973237	0.11335
0.972638	0.113031
0.972038	0.112691
0.971439	0.112333
0.97084	0.111961
0.97024	0.111579
0.969641	0.111192
0.969042	0.110806
0.968442	0.110429
0.967843	0.110068
0.967244	0.109729
0.966645	0.109417
0.966045	0.109137
0.965446	0.108894
0.964847	0.108687
0.964247	0.108514
0.963648	0.108367
0.963049	0.108238
0.962449	0.108118
0.96185	0.107996
0.961251	0.107864
0.960651	0.107713
0.960052	0.107537
0.959452	0.107329
0.958853	0.107089
0.958254	0.106822
0.957654	0.106535
0.957055	0.106236
0.956456	0.105932
0.955856	0.105629
0.955257	0.105334
0.954658	0.105054
0.954058	0.104795
0.953459	0.104562
0.95286	0.104358
0.95226	0.104187
0.951661	0.104045
0.951062	0.103928
0.950462	0.10383
0.949863	0.103746
0.949264	0.103669
0.948664	0.103595
0.948065	0.103516
0.947465	0.103427
0.946866	0.103324
0.946267	0.103202
0.945667	0.103057
0.945068	0.102892
0.944469	0.102707
0.943869	0.102507
0.94327	0.102297
0.94267	0.102078
0.942071	0.101854
0.941472	0.101628
0.940872	0.101402
0.940273	0.101179
0.939674	0.100962
0.939074	0.100751
0.938475	0.10055
0.937876	0.100359
0.937276	0.100177
0.936677	0.100003
0.936078	0.0998356
0.935478	0.0996723
0.934879	0.0995119
0.93428	0.0993528
0.93368	0.0991934
0.933081	0.0990325
0.932482	0.0988687
0.931882	0.0987008
0.931283	0.0985279
0.930684	0.0983493
0.930084	0.0981652
0.929485	0.0979763
0.928886	0.0977843
0.928286	0.0975913
0.927687	0.0973993
0.927087	0.0972102
0.926488	0.0970258
0.925889	0.096848
0.925289	0.0966785
0.92469	0.0965193
0.924091	0.0963719
0.923491	0.0962379
0.922892	0.0961185
0.922293	0.0960144
0.921693	0.0959254
0.921094	0.0958501
0.920495	0.0957858
0.919895	0.09573
0.919296	0.0956801
0.918697	0.0956336
0.918097	0.095588
0.917498	0.0955402
0.916898	0.0954876
0.916299	0.0954275
0.915699	0.0953574
0.9151	0.0952748
0.914501	0.0951772
0.913901	0.0950631
0.913302	0.0949319
0.912703	0.0947846
0.912103	0.0946241
0.911504	0.0944532
0.910905	0.0942746
0.910305	0.0940903
0.909706	0.0939021
0.909106	0.0937124
0.908507	0.0935232
0.907908	0.0933369
0.907309	0.0931553
0.906709	0.0929806
0.90611	0.0928147
0.90551	0.0926594
0.904911	0.0925161
0.904312	0.0923858
0.903712	0.0922685
0.903113	0.0921633
0.902514	0.0920685
0.901914	0.0919825
0.901315	0.0919039
0.900715	0.0918311
0.900116	0.0917631
0.899517	0.0916986
0.898917	0.0916365
0.898318	0.0915756
0.897719	0.0915148
0.897119	0.091453
0.89652	0.0913889
0.89592	0.0913213
0.895321	0.0912493
0.894722	0.0911726
0.894122	0.0910912
0.893523	0.0910059
0.892924	0.0909172
0.892324	0.0908257
0.891725	0.0907317
0.891126	0.0906357
0.890526	0.0905383
0.889927	0.0904398
0.889327	0.0903406
0.888728	0.0902411
0.888129	0.0901417
0.887529	0.0900427
0.88693	0.0899446
0.88633	0.0898475
0.885731	0.0897518
0.885132	0.0896576
0.884532	0.0895648
0.883933	0.0894734
0.883334	0.089383
0.882734	0.0892933
0.882135	0.0892039
0.881536	0.0891147
0.880936	0.0890252
0.880337	0.0889351
0.879737	0.0888444
0.879138	0.0887525
0.878539	0.0886593
0.877939	0.0885644
0.87734	0.0884675
0.876741	0.0883684
0.876141	0.0882667
0.875542	0.0881624
0.874942	0.0880552
0.874343	0.0879453
0.873744	0.087833
0.873144	0.0877188
0.872545	0.0876034
0.871946	0.0874874
0.871346	0.0873712
0.870747	0.0872554
0.870148	0.0871406
0.869548	0.0870273
0.868949	0.0869159
0.868349	0.0868071
0.86775	0.0867014
0.867151	0.0865993
0.866551	0.0865015
0.865952	0.0864084
0.865353	0.0863205
0.864753	0.0862382
0.864154	0.0861617
0.863555	0.0860909
0.862955	0.0860254
0.862356	0.0859646
0.861756	0.0859077
0.861157	0.0858544
0.860558	0.0858039
0.859958	0.0857557
0.859359	0.0857094
0.858759	0.0856645
0.85816	0.0856205
0.857561	0.085577
0.856961	0.0855335
0.856362	0.0854895
0.855763	0.0854445
0.855163	0.0853981
0.854564	0.0853497
0.853964	0.0852989
0.853365	0.0852454
0.852766	0.0851891
0.852166	0.08513
0.851567	0.0850683
0.850968	0.0850042
0.850368	0.0849378
0.849769	0.0848693
0.849169	0.0847986
0.84857	0.084726
0.847971	0.0846515
0.847371	0.084575
0.846772	0.0844968
0.846173	0.0844167
0.845573	0.0843347
0.844974	0.0842509
0.844374	0.0841653
0.843775	0.0840777
0.843176	0.0839884
0.842576	0.0838972
0.841977	0.0838042
0.841378	0.0837096
0.840778	0.0836137
0.840179	0.0835167
0.83958	0.0834191
0.83898	0.083321
0.838381	0.083223
0.837782	0.0831253
0.837182	0.0830282
0.836583	0.0829321
0.835983	0.0828372
0.835384	0.082744
0.834785	0.0826529
0.834185	0.082564
0.833586	0.0824779
0.832987	0.0823949
0.832387	0.0823154
0.831788	0.0822397
0.831188	0.0821682
0.830589	0.082101
0.82999	0.0820381
0.82939	0.0819794
0.828791	0.0819244
0.828192	0.0818726
0.827592	0.0818233
0.826993	0.0817762
0.826394	0.0817307
0.825794	0.0816865
0.825195	0.0816431
0.824595	0.0816
0.823996	0.081557
0.823397	0.0815135
0.822797	0.0814693
0.822198	0.0814239
0.821598	0.0813769
0.820999	0.081328
0.8204	0.0812764
0.8198	0.081222
0.819201	0.0811641
0.818602	0.0811027
0.818002	0.0810376
0.817403	0.0809692
0.816804	0.0808977
0.816204	0.0808234
0.815605	0.0807468
0.815005	0.0806682
0.814406	0.0805878
0.813807	0.080506
0.813207	0.0804231
0.812608	0.0803393
0.812009	0.080255
0.811409	0.0801702
0.81081	0.0800854
0.810211	0.0800008
0.809611	0.0799167
0.809012	0.0798334
0.808412	0.0797513
0.807813	0.0796707
0.807214	0.0795918
0.806614	0.0795149
0.806015	0.0794403
0.805416	0.0793681
0.804816	0.0792983
0.804217	0.0792307
0.803618	0.0791652
0.803018	0.0791017
0.802419	0.0790401
0.801819	0.0789804
0.80122	0.0789224
0.800621	0.078866
0.800021	0.0788113
0.799422	0.0787581
0.798823	0.0787065
0.798223	0.0786563
0.797624	0.0786078
0.797025	0.0785608
0.796425	0.0785154
0.795826	0.0784716
0.795226	0.0784294
0.794627	0.078389
0.794028	0.0783502
0.793428	0.0783132
0.792829	0.0782777
0.792229	0.0782437
0.79163	0.0782109
0.791031	0.0781793
0.790431	0.0781486
0.789832	0.0781187
0.789233	0.0780894
0.788633	0.0780605
0.788034	0.0780318
0.787434	0.0780032
0.786835	0.0779745
0.786236	0.0779456
0.785636	0.0779163
0.785037	0.0778865
0.784438	0.077856
0.783838	0.0778247
0.783239	0.0777924
0.782639	0.077759
0.78204	0.0777243
0.78144	0.0776883
0.780841	0.0776508
0.780242	0.0776118
0.779642	0.0775713
0.779043	0.0775292
0.778444	0.0774856
0.777844	0.0774404
0.777245	0.0773936
0.776646	0.0773453
0.776046	0.0772952
0.775447	0.0772434
0.774847	0.0771897
0.774248	0.0771341
0.773649	0.0770763
0.773049	0.0770163
0.77245	0.0769539
0.771851	0.076889
0.771251	0.0768214
0.770652	0.076751
0.770053	0.0766776
0.769453	0.076601
0.768854	0.0765211
0.768254	0.0764378
0.767655	0.0763511
0.767056	0.0762611
0.766456	0.0761681
0.765857	0.0760723
0.765258	0.0759742
0.764658	0.0758742
0.764059	0.0757728
0.76346	0.0756703
0.76286	0.0755671
0.762261	0.0754635
0.761662	0.0753599
0.761062	0.0752567
0.760463	0.0751543
0.759864	0.075053
0.759264	0.0749532
0.758665	0.0748554
0.758066	0.0747601
0.757466	0.0746677
0.756867	0.0745786
0.756268	0.0744934
0.755668	0.0744123
0.755069	0.0743358
0.754469	0.0742642
0.75387	0.0741978
0.753271	0.0741364
0.752671	0.0740798
0.752072	0.0740275
0.751473	0.0739792
0.750873	0.0739346
0.750274	0.0738932
0.749674	0.0738549
0.749075	0.0738193
0.748476	0.0737862
0.747876	0.0737553
0.747277	0.0737264
0.746678	0.0736995
0.746078	0.0736741
0.745479	0.0736504
0.74488	0.0736279
0.74428	0.0736067
0.743681	0.0735864
0.743081	0.0735671
0.742482	0.0735484
0.741883	0.0735304
0.741283	0.0735127
0.740684	0.0734953
0.740084	0.0734779
0.739485	0.0734605
0.738886	0.0734428
0.738286	0.0734248
0.737687	0.0734061
0.737087	0.0733866
0.736488	0.0733662
0.735889	0.0733448
0.735289	0.0733221
0.73469	0.073298
0.734091	0.0732722
0.733491	0.0732446
0.732892	0.0732149
0.732292	0.0731829
0.731693	0.0731483
0.731094	0.0731108
0.730494	0.07307
0.729895	0.0730257
0.729296	0.0729774
0.728696	0.0729249
0.728097	0.0728677
0.727497	0.0728055
0.726898	0.0727384
0.726299	0.0726664
0.725699	0.0725898
0.7251	0.0725091
0.724501	0.0724248
0.723901	0.0723375
0.723302	0.0722479
0.722703	0.0721563
0.722103	0.0720634
0.721504	0.0719696
0.720905	0.0718754
0.720305	0.0717812
0.719706	0.0716877
0.719106	0.0715951
0.718507	0.0715041
0.717908	0.0714152
0.717308	0.0713288
0.716709	0.0712455
0.71611	0.0711658
0.71551	0.0710904
0.714911	0.0710198
0.714312	0.0709544
0.713712	0.0708948
0.713113	0.0708414
0.712513	0.0707945
0.711914	0.070754
0.711315	0.0707195
0.710715	0.0706903
0.710116	0.0706656
0.709517	0.0706446
0.708917	0.0706268
0.708318	0.0706115
0.707719	0.0705982
0.707119	0.0705864
0.70652	0.0705755
0.70592	0.0705651
0.705321	0.0705546
0.704722	0.0705438
0.704122	0.070532
0.703523	0.0705189
0.702924	0.0705038
0.702324	0.070486
0.701725	0.0704649
0.701125	0.0704399
0.700526	0.0704104
0.699926	0.0703757
0.699327	0.0703351
0.698728	0.070288
0.698128	0.0702342
0.697529	0.0701736
0.69693	0.0701069
0.69633	0.0700348
0.695731	0.0699579
0.695132	0.0698766
0.694532	0.0697915
0.693933	0.0697029
0.693334	0.0696114
0.692734	0.0695175
0.692135	0.0694215
0.691536	0.069324
0.690936	0.0692254
0.690337	0.0691261
0.689737	0.0690265
0.689138	0.0689271
0.688539	0.0688283
0.687939	0.0687304
0.68734	0.068634
0.686741	0.0685394
0.686141	0.0684471
0.685542	0.0683574
0.684943	0.0682708
0.684343	0.0681875
0.683744	0.0681077
0.683144	0.0680315
0.682545	0.0679589
0.681946	0.0678896
0.681346	0.0678232
0.680747	0.0677595
0.680148	0.0676982
0.679548	0.0676392
0.678949	0.0675823
0.67835	0.0675273
0.67775	0.0674741
0.677151	0.0674226
0.676552	0.0673727
0.675952	0.0673244
0.675353	0.0672775
0.674753	0.067232
0.674154	0.0671878
0.673554	0.0671449
0.672955	0.0671032
0.672356	0.0670627
0.671756	0.0670232
0.671157	0.0669848
0.670558	0.0669472
0.669958	0.0669104
0.669359	0.0668742
0.668759	0.0668387
0.66816	0.0668037
0.667561	0.0667692
0.666961	0.0667351
0.666362	0.0667013
0.665763	0.0666678
0.665163	0.0666345
0.664564	0.0666013
0.663964	0.0665683
0.663365	0.0665353
0.662766	0.0665024
0.662166	0.0664696
0.661567	0.0664367
0.660967	0.0664038
0.660368	0.0663708
0.659769	0.0663377
0.659169	0.0663044
0.65857	0.0662708
0.65797	0.0662368
0.657371	0.0662024
0.656772	0.0661675
0.656172	0.066132
0.655573	0.0660959
0.654974	0.0660591
0.654374	0.0660215
0.653775	0.065983
0.653175	0.0659437
0.652576	0.0659035
0.651977	0.0658624
0.651377	0.0658205
0.650778	0.0657775
0.650179	0.0657336
0.649579	0.0656885
0.64898	0.0656423
0.64838	0.0655949
0.647781	0.0655462
0.647182	0.0654961
0.646582	0.0654447
0.645983	0.0653916
0.645383	0.065337
0.644784	0.0652805
0.644185	0.0652221
0.643585	0.0651616
0.642986	0.0650989
0.642386	0.0650338
0.641787	0.0649661
0.641188	0.0648955
0.640588	0.0648221
0.639989	0.0647455
0.63939	0.0646657
0.63879	0.0645828
0.638191	0.0644968
0.637592	0.0644081
0.636992	0.0643171
0.636393	0.064224
0.635793	0.0641294
0.635194	0.0640334
0.634595	0.0639363
0.633995	0.0638385
0.633396	0.0637404
0.632796	0.0636421
0.632197	0.0635439
0.631598	0.0634462
0.630998	0.0633492
0.630399	0.0632533
0.6298	0.0631587
0.6292	0.0630658
0.628601	0.0629749
0.628002	0.0628862
0.627402	0.0628003
0.626803	0.0627174
0.626203	0.062638
0.625604	0.0625622
0.625005	0.0624905
0.624405	0.0624232
0.623806	0.0623603
0.623207	0.0623019
0.622607	0.0622478
0.622008	0.0621974
0.621408	0.0621505
0.620809	0.0621068
0.620209	0.0620659
0.61961	0.0620277
0.619011	0.0619917
0.618411	0.0619578
0.617812	0.0619258
0.617212	0.0618953
0.616613	0.061866
0.616014	0.0618377
0.615414	0.0618102
0.614815	0.061783
0.614215	0.0617559
0.613616	0.0617286
0.613017	0.0617009
0.612417	0.0616725
0.611818	0.0616431
0.611218	0.0616124
0.610619	0.0615803
0.61002	0.0615466
0.60942	0.0615111
0.608821	0.0614738
0.608221	0.0614346
0.607622	0.0613936
0.607023	0.061351
0.606423	0.0613071
0.605824	0.061262
0.605224	0.061216
0.604625	0.061169
0.604025	0.0611212
0.603426	0.0610726
0.602826	0.0610233
0.602227	0.0609735
0.601628	0.060923
0.601028	0.0608719
0.600429	0.0608203
0.599829	0.0607682
0.59923	0.0607157
0.598631	0.0606628
0.598031	0.0606097
0.597432	0.0605564
0.596832	0.0605031
0.596233	0.0604497
0.595634	0.0603963
0.595034	0.0603431
0.594435	0.0602901
0.593835	0.0602373
0.593236	0.0601848
0.592636	0.0601324
0.592037	0.0600802
0.591437	0.060028
0.590838	0.0599758
0.590238	0.0599233
0.589639	0.0598706
0.589039	0.0598176
0.58844	0.0597642
0.587841	0.0597104
0.587241	0.059656
0.586642	0.0596012
0.586042	0.0595458
0.585443	0.0594899
0.584844	0.0594334
0.584244	0.0593763
0.583645	0.0593185
0.583045	0.05926
0.582446	0.0592008
0.581846	0.0591408
0.581247	0.0590799
0.580648	0.0590181
0.580048	0.0589554
0.579449	0.0588916
0.578849	0.0588267
0.578249	0.0587607
0.57765	0.0586935
0.57705	0.0586253
0.57645	0.0585561
0.575851	0.0584859
0.575252	0.0584149
0.574652	0.0583431
0.574053	0.0582707
0.573453	0.0581976
0.572854	0.058124
0.572255	0.0580499
0.571655	0.0579753
0.571056	0.0579003
0.570456	0.057825
0.569857	0.0577493
0.569257	0.0576733
0.568658	0.0575969
0.568059	0.0575203
0.567459	0.0574434
0.56686	0.0573662
0.56626	0.0572886
0.565661	0.0572107
0.565061	0.0571324
0.564462	0.0570538
0.563861	0.0569746
0.563262	0.056895
0.562662	0.0568151
0.41861	-0.5318
0.41801	-0.532506
0.417411	-0.533212
0.416811	-0.53392
0.416212	-0.534629
0.415612	-0.53534
0.415012	-0.536051
0.414413	-0.536765
0.413813	-0.53748
0.413213	-0.538196
0.412614	-0.538915
0.412014	-0.539636
0.411414	-0.540359
0.410814	-0.541084
0.410214	-0.541811
0.409614	-0.542541
0.409015	-0.543273
0.408415	-0.544008
0.407815	-0.544745
0.407216	-0.545485
0.406616	-0.546227
0.406016	-0.546972
0.405416	-0.547718
0.404817	-0.548467
0.404217	-0.549216
0.403617	-0.549967
0.403018	-0.550719
0.402418	-0.551471
0.401818	-0.552224
0.401218	-0.552977
0.400618	-0.55373
0.400019	-0.554483
0.399419	-0.555236
0.398819	-0.555988
0.398219	-0.556739
0.39762	-0.557489
0.39702	-0.558237
0.39642	-0.558983
0.39582	-0.559727
0.39522	-0.560469
0.394621	-0.561207
0.394021	-0.561941
0.393421	-0.562672
0.392821	-0.563397
0.392221	-0.564118
0.391621	-0.564834
0.391021	-0.565545
0.390421	-0.56625
0.389821	-0.56695
0.389221	-0.567645
0.388621	-0.568336
0.388021	-0.569022
0.387421	-0.569705
0.386821	-0.570385
0.386221	-0.571061
0.385621	-0.571736
0.385021	-0.572408
0.384421	-0.573077
0.383822	-0.573746
0.383222	-0.574412
0.382622	-0.575078
0.382022	-0.575743
0.381422	-0.576408
0.380822	-0.577073
0.380222	-0.577737
0.379622	-0.578403
0.379022	-0.579069
0.378422	-0.579736
0.377822	-0.580405
0.377223	-0.581076
0.376623	-0.581749
0.376023	-0.582424
0.375423	-0.583102
0.374823	-0.583782
0.374223	-0.584464
0.373623	-0.585147
0.373023	-0.585833
0.372423	-0.586519
0.371823	-0.587207
0.371223	-0.587895
0.370623	-0.588584
0.370023	-0.589273
0.369423	-0.589963
0.368823	-0.590652
0.368223	-0.591341
0.367623	-0.592029
0.367023	-0.592716
0.366423	-0.593402
0.365823	-0.594086
0.365223	-0.594769
0.364623	-0.59545
0.364023	-0.596129
0.363423	-0.596806
0.362823	-0.59748
0.362223	-0.598152
0.361623	-0.598821
0.361023	-0.599486
0.360423	-0.600148
0.359823	-0.600807
0.359223	-0.601463
0.358623	-0.602116
0.358023	-0.602766
0.357423	-0.603413
0.356823	-0.604057
0.356223	-0.604698
0.355623	-0.605336
0.355023	-0.605972
0.354422	-0.606605
0.353822	-0.607234
0.353222	-0.607861
0.352621	-0.608485
0.352021	-0.609105
0.351421	-0.609723
0.35082	-0.610339
0.35022	-0.610951
0.349619	-0.61156
0.349019	-0.612165
0.348418	-0.612767
0.347818	-0.613366
0.347217	-0.61396
0.346617	-0.614551
0.346016	-0.615139
0.345416	-0.615724
0.344816	-0.616303
0.344215	-0.61688
0.343615	-0.617452
0.343015	-0.618021
0.342414	-0.618588
0.341814	-0.619153
0.341214	-0.619716
0.340614	-0.620277
0.340014	-0.620838
0.339414	-0.621398
0.338814	-0.621958
0.338214	-0.622518
0.337614	-0.623078
0.337013	-0.623639
0.336413	-0.624201
0.335813	-0.624765
0.335213	-0.625331
0.334613	-0.625899
0.334013	-0.626471
0.333413	-0.627046
0.332812	-0.627624
0.332212	-0.628208
0.331612	-0.628796
0.331012	-0.629389
0.330411	-0.629987
0.329811	-0.630592
0.329211	-0.631201
0.328611	-0.631815
0.328011	-0.632433
0.327411	-0.633055
0.326811	-0.633679
0.326211	-0.634306
0.325611	-0.634934
0.32501	-0.635564
0.32441	-0.636194
0.32381	-0.636825
0.32321	-0.637455
0.32261	-0.638085
0.32201	-0.638713
0.32141	-0.639341
0.32081	-0.639966
0.32021	-0.640588
0.31961	-0.641208
0.31901	-0.641823
0.31841	-0.642435
0.31781	-0.643041
0.31721	-0.643642
0.31661	-0.644237
0.31601	-0.644825
0.31541	-0.645407
0.31481	-0.645981
0.31421	-0.64655
0.31361	-0.647112
0.313011	-0.647669
0.312411	-0.648221
0.311811	-0.648769
0.311211	-0.649314
0.310611	-0.649856
0.310011	-0.650396
0.309411	-0.650933
0.308811	-0.651469
0.308211	-0.652004
0.307611	-0.652538
0.307011	-0.653073
0.306411	-0.653608
0.305811	-0.654144
0.305211	-0.654683
0.304611	-0.655224
0.304011	-0.655769
0.303412	-0.656317
0.302812	-0.656871
0.302212	-0.65743
0.301612	-0.657995
0.301012	-0.658567
0.300412	-0.659146
0.299812	-0.659732
0.299212	-0.660324
0.298613	-0.660921
0.298013	-0.661523
0.297413	-0.662128
0.296813	-0.662737
0.296213	-0.663349
0.295613	-0.663963
0.295013	-0.664578
0.294413	-0.665194
0.293812	-0.665811
0.293212	-0.666427
0.292612	-0.667042
0.292012	-0.667656
0.291412	-0.668268
0.290813	-0.668877
0.290213	-0.669483
0.289613	-0.670085
0.289013	-0.670682
0.288414	-0.671274
0.287814	-0.671859
0.287214	-0.672437
0.286614	-0.673008
0.286015	-0.673572
0.285415	-0.674127
0.284815	-0.674675
0.284215	-0.675216
0.283616	-0.675752
0.283016	-0.676282
0.282416	-0.676808
0.281817	-0.677329
0.281217	-0.677847
0.280617	-0.678363
0.280018	-0.678875
0.279418	-0.679386
0.278818	-0.679895
0.278219	-0.680403
0.277619	-0.68091
0.27702	-0.681417
0.27642	-0.681924
0.27582	-0.682433
0.275221	-0.682942
0.274621	-0.683454
0.274022	-0.683968
0.273422	-0.684485
0.272823	-0.685005
0.272223	-0.685529
0.271623	-0.686058
0.271024	-0.68659
0.270424	-0.687126
0.269825	-0.687666
0.269226	-0.688208
0.268626	-0.688753
0.268027	-0.6893
0.267427	-0.689849
0.266828	-0.6904
0.266228	-0.690952
0.265629	-0.691506
0.265029	-0.692061
0.26443	-0.692617
0.263831	-0.693174
0.263231	-0.693731
0.262632	-0.694289
0.262033	-0.694847
0.261433	-0.695405
0.260833	-0.695964
0.260233	-0.696522
0.259634	-0.697079
0.259034	-0.697635
0.258435	-0.698189
0.257836	-0.698743
0.257237	-0.699295
0.256637	-0.699847
0.256038	-0.700396
0.255439	-0.700945
0.25484	-0.701493
0.254241	-0.70204
0.253641	-0.702586
0.253042	-0.703132
0.252443	-0.703677
0.251844	-0.704221
0.251245	-0.704765
0.250646	-0.705309
0.250047	-0.705852
0.249447	-0.706395
0.248848	-0.706938
0.248249	-0.707481
0.24765	-0.708023
0.247051	-0.708566
0.246452	-0.709108
0.245853	-0.709651
0.245254	-0.710194
0.244655	-0.710738
0.244056	-0.711282
0.243457	-0.711827
0.242858	-0.712372
0.242259	-0.712917
0.24166	-0.713463
0.241061	-0.714008
0.240462	-0.714553
0.239864	-0.715097
0.239265	-0.71564
0.238666	-0.716183
0.238067	-0.716725
0.237468	-0.717265
0.236869	-0.717803
0.236271	-0.718339
0.235672	-0.718873
0.235073	-0.719404
0.234475	-0.719933
0.233876	-0.720458
0.233277	-0.72098
0.232679	-0.721498
0.23208	-0.722012
0.231482	-0.722521
0.230883	-0.723026
0.230284	-0.723527
0.229686	-0.724023
0.229087	-0.724515
0.228488	-0.725004
0.227889	-0.725489
0.227291	-0.725972
0.226692	-0.726452
0.226094	-0.72693
0.225496	-0.727407
0.224897	-0.727883
0.224299	-0.728358
0.223701	-0.728833
0.223102	-0.729307
0.222504	-0.729782
0.221906	-0.730258
0.221307	-0.730735
0.220709	-0.731214
0.22011	-0.731695
0.219512	-0.732178
0.218914	-0.732664
0.218316	-0.733154
0.217718	-0.733647
0.21712	-0.734144
0.216521	-0.734645
0.215923	-0.735151
0.215325	-0.735659
0.214727	-0.736172
0.21413	-0.736687
0.213532	-0.737205
0.212934	-0.737725
0.212336	-0.738247
0.211738	-0.738772
0.21114	-0.739298
0.210542	-0.739827
0.209944	-0.740356
0.209347	-0.740888
0.208749	-0.74142
0.208151	-0.741954
0.207553	-0.742489
0.206956	-0.743024
0.206358	-0.743561
0.20576	-0.744098
0.205162	-0.744637
0.204565	-0.745175
0.203967	-0.745714
0.20337	-0.746253
0.202772	-0.746792
0.202175	-0.747331
0.201577	-0.747869
0.20098	-0.748407
0.200383	-0.748943
0.199785	-0.749479
0.199188	-0.750013
0.19859	-0.750546
0.197992	-0.751076
0.197395	-0.751603
0.196798	-0.752128
0.196201	-0.75265
0.195603	-0.753169
0.195006	-0.753684
0.194409	-0.754194
0.193812	-0.754701
0.193215	-0.755203
0.192618	-0.7557
0.19202	-0.756192
0.191423	-0.756678
0.190826	-0.757158
0.190229	-0.757634
0.189633	-0.758105
0.189036	-0.758573
0.188439	-0.759038
0.187842	-0.759501
0.187246	-0.759962
0.186649	-0.760423
0.186052	-0.760884
0.185455	-0.761345
0.184859	-0.761806
0.184262	-0.76227
0.183666	-0.762736
0.183069	-0.763205
0.182473	-0.763678
0.181877	-0.764156
0.18128	-0.764639
0.180684	-0.765128
0.180088	-0.765623
0.179491	-0.766126
0.178895	-0.766636
0.178299	-0.767153
0.177703	-0.767677
0.177107	-0.768206
0.176511	-0.768739
0.175915	-0.769275
0.175319	-0.769814
0.174723	-0.770354
0.174127	-0.770894
0.173531	-0.771434
0.172935	-0.771973
0.172339	-0.772509
0.171744	-0.773042
0.171148	-0.773571
0.170552	-0.774094
0.169957	-0.774612
0.16936	-0.775123
0.168765	-0.775625
0.168169	-0.776119
0.167574	-0.776603
0.166979	-0.777077
0.166383	-0.777541
0.165788	-0.777996
0.165193	-0.778444
0.164597	-0.778886
0.164001	-0.779323
0.163406	-0.779755
0.162811	-0.780185
0.162216	-0.780614
0.161621	-0.781043
0.161026	-0.781473
0.160431	-0.781905
0.159836	-0.782342
0.15924	-0.782783
0.158646	-0.78323
0.158051	-0.783685
0.157456	-0.784148
0.156862	-0.784621
0.156267	-0.785105
0.155673	-0.785601
0.155078	-0.786109
0.154483	-0.78663
0.153889	-0.787161
0.153295	-0.787701
0.152701	-0.78825
0.152106	-0.788805
0.151512	-0.789365
0.150918	-0.78993
0.150324	-0.790498
0.14973	-0.791067
0.149136	-0.791637
0.148542	-0.792207
0.147949	-0.792774
0.147355	-0.793339
0.146761	-0.7939
0.146168	-0.794456
0.145574	-0.795006
0.14498	-0.795549
0.144387	-0.796084
0.143794	-0.796611
0.1432	-0.79713
0.142607	-0.797643
0.142014	-0.79815
0.14142	-0.798653
0.140827	-0.799154
0.140234	-0.799655
0.139641	-0.800156
0.139048	-0.800659
0.138455	-0.801165
0.137862	-0.801677
0.137269	-0.802197
0.136676	-0.802723
0.136084	-0.80326
0.135491	-0.803808
0.134899	-0.804369
0.134306	-0.804945
0.133713	-0.805536
0.13312	-0.806144
0.132528	-0.806766
0.131936	-0.807403
0.131344	-0.808051
0.130752	-0.808707
0.130159	-0.809367
0.129566	-0.81003
0.128974	-0.810688
0.128382	-0.811342
0.127791	-0.811986
0.127199	-0.812619
0.126608	-0.813236
0.126015	-0.813836
0.125424	-0.814414
0.124832	-0.814966
0.124241	-0.81549
0.12365	-0.815983
0.123059	-0.816443
0.122468	-0.816869
0.121877	-0.81726
0.121286	-0.81762
0.120696	-0.817954
0.120105	-0.818269
0.119515	-0.818572
0.118925	-0.818868
0.118334	-0.819162
0.117744	-0.81946
0.117154	-0.819767
0.116564	-0.820089
0.115974	-0.820437
0.115385	-0.820819
0.114795	-0.821242
0.114205	-0.821713
0.113616	-0.822238
0.113026	-0.82282
0.112437	-0.823458
0.111847	-0.824149
0.111258	-0.824889
0.110669	-0.825675
0.11008	-0.826498
0.109491	-0.827348
0.108901	-0.828218
0.108312	-0.829096
0.107723	-0.829974
0.107134	-0.830843
0.106546	-0.831695
0.105957	-0.832523
0.105367	-0.833318
0.104779	-0.834071
0.104191	-0.834773
0.103603	-0.83542
0.103015	-0.836006
0.102426	-0.836526
0.101837	-0.836977
0.10125	-0.837363
0.100662	-0.837698
0.100075	-0.837992
0.0994865	-0.838258
0.0988984	-0.838505
0.0983117	-0.838742
0.0977252	-0.838981
0.0971386	-0.839235
0.0965509	-0.839523
0.0959635	-0.839857
0.0953774	-0.840251
0.0947915	-0.840715
0.0942056	-0.84126
0.0936191	-0.84189
0.0930322	-0.842604
0.0924467	-0.843391
0.0918612	-0.844243
0.0912758	-0.845155
0.0906903	-0.846116
0.0901047	-0.847109
0.0895197	-0.84812
0.0889348	-0.849135
0.0883501	-0.850141
0.0877652	-0.851126
0.0871806	-0.852077
0.0865964	-0.85298
0.0860123	-0.853826
0.0854283	-0.854604
0.0848445	-0.855304
0.0842609	-0.855919
0.0836775	-0.856443
0.0830943	-0.856876
0.0825113	-0.85723
0.0819284	-0.857521
0.0813458	-0.857767
0.0807634	-0.857984
0.0801812	-0.858184
0.0795989	-0.858383
0.079017	-0.858601
0.0784353	-0.858863
0.0778538	-0.859188
0.0772724	-0.85959
0.0766911	-0.860081
0.0761101	-0.860669
0.0755292	-0.861354
0.0749485	-0.862127
0.0743678	-0.862976
0.0737874	-0.863896
0.0732071	-0.864875
0.072627	-0.865896
0.072047	-0.866941
0.0714673	-0.867995
0.0708878	-0.869043
0.0703084	-0.87007
0.0697292	-0.871063
0.0691503	-0.872011
0.0685716	-0.872901
0.0679932	-0.873724
0.0674149	-0.874472
0.066837	-0.875138
0.0662594	-0.875727
0.065682	-0.876254
0.0651046	-0.876737
0.0645277	-0.877193
0.0639512	-0.877637
0.0633749	-0.878087
0.0627986	-0.878558
0.0622228	-0.879076
0.0616473	-0.879659
0.0610717	-0.880323
0.0604964	-0.881075
0.0599216	-0.881915
0.059347	-0.882844
0.0587726	-0.883863
0.0581984	-0.884966
0.0576246	-0.886137
0.057051	-0.887356
0.0564776	-0.888608
0.0559046	-0.889874
0.0553319	-0.891143
0.0547594	-0.892399
0.0541873	-0.89363
0.0536156	-0.894824
0.0530442	-0.895971
0.0524729	-0.897062
0.0519022	-0.898088
0.051332	-0.899048
0.0507618	-0.89995
0.0501921	-0.900802
0.0496231	-0.901616
0.0490543	-0.9024
0.0484855	-0.903164
0.0479177	-0.903913
0.0473503	-0.904657
0.0467827	-0.905404
0.0462161	-0.906159
0.04565	-0.906929
0.045084	-0.907719
0.0445186	-0.908532
0.0439538	-0.909362
0.0433895	-0.910207
0.0428255	-0.911061
0.0422621	-0.911922
0.041699	-0.912787
0.0411365	-0.913654
0.0405747	-0.914523
0.0400132	-0.915393
0.0394523	-0.916264
0.0388921	-0.917136
0.0383324	-0.91801
0.0377731	-0.918887
0.0372146	-0.919769
0.0366562	-0.92066
0.0360987	-0.921561
0.035542	-0.922476
0.0349858	-0.92341
0.0344302	-0.924367
0.0338755	-0.925354
0.0333206	-0.926375
0.0327673	-0.927427
0.0322141	-0.928505
0.0316613	-0.929592
0.0311102	-0.93067
0.0305596	-0.931728
0.0300099	-0.932753
0.0294613	-0.933737
0.0289128	-0.934675
0.028366	-0.935556
0.02782	-0.936382
0.0272746	-0.937155
0.0267308	-0.937886
0.0261879	-0.938593
0.0256463	-0.939295
0.0251057	-0.940008
0.0245662	-0.940751
0.0240279	-0.941536
0.0234908	-0.942376
0.0229549	-0.943284
0.0224202	-0.944263
0.0218869	-0.945289
0.0213548	-0.946306
0.0208242	-0.947237
0.020295	-0.948048
0.0197672	-0.948705
0.0192413	-0.949092
0.0187169	-0.949138
0.0181946	-0.948889
0.0176742	-0.948383
0.0171557	-0.947614
0.0166394	-0.946602
0.0161253	-0.945399
0.0156132	-0.944041
0.0151033	-0.942551
0.014596	-0.940963
0.014091	-0.939305
0.0135882	-0.937558
0.0130883	-0.935636
0.0125912	-0.933428
0.012097	-0.93082
0.011606	-0.927702
0.0111184	-0.923978
0.0106343	-0.919578
0.0101539	-0.914459
0.0096771	-0.908563
0.00920445	-0.901697
0.00873639	-0.893743
0.00827301	-0.884762
0.0078153	-0.874769
0.00736309	-0.863697
0.00691672	-0.851413
0.0064764	-0.837684
0.00604292	-0.822273
0.00561706	-0.804944
0.00519896	-0.78545
0.00478942	-0.763521
0.0043891	-0.738806
0.0039986	-0.710939
0.00361873	-0.679443
0.00325025	-0.644364
0.00289385	-0.606648
0.00255062	-0.565913
0.00222187	-0.520912
0.00190901	-0.470974
0.001613	-0.415917
0.00133581	-0.355504
0.00107882	-0.288781
0.000843814	-0.215299
0.000632971	-0.134828
0.000448039	-0.0476644
0.000290472	0.0446515
0.000161505	0.140006
6.19485e-05	0.236786
-7.20846e-06	0.333398
-4.50295e-05	0.42826
-5.06037e-05	0.519904
-2.2987e-05	0.606913
3.86961e-05	0.687604
0.000134117	0.760665
0.000261931	0.82483
0.000420828	0.878656
0.000609532	0.921692
0.000826802	0.95466
0.00107186	0.978452
0.00134319	0.993786
0.0016402	1.00168
0.0019607	1.00282
0.00230246	0.998101
0.00266387	0.988882
0.003043	0.976032
0.00343788	0.959991
0.0038474	0.941716
0.00426996	0.922092
0.00470404	0.90147
0.00514872	0.880103
0.00560305	0.858296
0.00606641	0.836304
0.00653822	0.81434
0.00701773	0.792568
0.00750457	0.771184
0.00799831	0.75023
0.0084983	0.729726
0.00900393	0.709867
0.00951455	0.690693
0.0100302	0.672125
0.0105498	0.654151
0.0110733	0.636749
0.0116005	0.619914
0.0121312	0.603647
0.0126652	0.587956
0.0132023	0.572848
0.0137425	0.558316
0.0142854	0.544364
0.0148309	0.530971
0.0153792	0.51811
0.0159291	0.505774
0.0164817	0.493901
0.41861	-0.5318
0.41921	-0.531095
0.419809	-0.530391
0.420409	-0.529688
0.421008	-0.528986
0.421608	-0.528284
0.422208	-0.527583
0.422807	-0.526883
0.423407	-0.526184
0.424006	-0.525485
0.424606	-0.524788
0.425206	-0.524091
0.425805	-0.523395
0.426405	-0.522701
0.427004	-0.522008
0.427604	-0.521316
0.428203	-0.520625
0.428803	-0.519936
0.429403	-0.519249
0.430002	-0.518563
0.430602	-0.51788
0.431201	-0.517198
0.431801	-0.516518
0.4324	-0.51584
0.433	-0.515164
0.433599	-0.51449
0.434199	-0.513819
0.434798	-0.51315
0.435398	-0.512484
0.435997	-0.51182
0.436597	-0.511159
0.437196	-0.5105
0.437796	-0.509844
0.438395	-0.509192
0.438995	-0.508542
0.439594	-0.507896
0.440193	-0.507253
0.440793	-0.506612
0.441392	-0.505973
0.441992	-0.505337
0.442592	-0.504703
0.443192	-0.504071
0.443792	-0.503441
0.444391	-0.502813
0.444991	-0.502188
0.44559	-0.501563
0.446189	-0.500941
0.446789	-0.50032
0.447388	-0.4997
0.447988	-0.499082
0.448587	-0.498465
0.449186	-0.49785
0.449786	-0.497236
0.450385	-0.496624
0.450984	-0.496013
0.451584	-0.495403
0.452183	-0.494795
0.452782	-0.494188
0.453382	-0.493582
0.453981	-0.492978
0.454581	-0.492375
0.455181	-0.491772
0.455782	-0.491169
0.456383	-0.490568
0.456983	-0.489969
0.457582	-0.48937
0.458182	-0.488773
0.458781	-0.488176
0.45938	-0.48758
0.459979	-0.486984
0.460579	-0.486389
0.461178	-0.485794
0.461777	-0.485199
0.462376	-0.484605
0.462976	-0.48401
0.463575	-0.483416
0.464174	-0.482821
0.464773	-0.482225
0.465373	-0.481629
0.465972	-0.481033
0.466571	-0.480435
0.467172	-0.479836
0.467772	-0.479236
0.468373	-0.478634
0.468973	-0.478031
0.469573	-0.477428
0.470172	-0.476824
0.470771	-0.476219
0.47137	-0.475613
0.471969	-0.475007
0.472569	-0.474402
0.473168	-0.473796
0.473767	-0.473191
0.474366	-0.472587
0.474965	-0.471983
0.475564	-0.47138
0.476163	-0.470779
0.476762	-0.470178
0.477361	-0.469579
0.477961	-0.468981
0.47856	-0.468385
0.479159	-0.467789
0.479759	-0.467195
0.480359	-0.466603
0.480959	-0.466014
0.481558	-0.465427
0.482157	-0.464843
0.482756	-0.464262
0.483355	-0.463684
0.483954	-0.463109
0.484553	-0.462538
0.485152	-0.461971
0.485751	-0.461409
0.48635	-0.460851
0.486949	-0.460296
0.487548	-0.459745
0.488147	-0.459198
0.488746	-0.458653
0.489345	-0.45811
0.489944	-0.457569
0.490543	-0.45703
0.491142	-0.456492
0.491741	-0.455955
0.49234	-0.455419
0.492939	-0.454884
0.493538	-0.454349
0.494137	-0.453814
0.494736	-0.453278
0.495335	-0.452742
0.495934	-0.452205
0.496533	-0.451667
0.497132	-0.451126
0.497731	-0.450584
0.498329	-0.450038
0.498928	-0.44949
0.499527	-0.448937
0.500126	-0.44838
0.500725	-0.447817
0.501324	-0.447249
0.501923	-0.446676
0.502522	-0.446096
0.503121	-0.445512
0.503719	-0.444923
0.504318	-0.44433
0.504917	-0.443734
0.505516	-0.443134
0.506115	-0.442533
0.506713	-0.441929
0.507312	-0.441325
0.507911	-0.44072
0.50851	-0.440114
0.509108	-0.43951
0.509707	-0.438906
0.510306	-0.438303
0.510905	-0.437701
0.511505	-0.437102
0.512104	-0.436506
0.512702	-0.435914
0.513301	-0.435325
0.5139	-0.434742
0.514498	-0.434163
0.515097	-0.433589
0.515696	-0.433022
0.516294	-0.432463
0.516893	-0.431911
0.517492	-0.431367
0.51809	-0.430832
0.518689	-0.430305
0.519288	-0.429785
0.519887	-0.42927
0.520487	-0.428761
0.521086	-0.428256
0.521685	-0.427756
0.522284	-0.427259
0.522883	-0.426765
0.523481	-0.426273
0.52408	-0.425782
0.524678	-0.425292
0.525277	-0.424801
0.525876	-0.42431
0.526474	-0.423818
0.527073	-0.423325
0.527671	-0.422829
0.52827	-0.422329
0.528869	-0.421826
0.529469	-0.421317
0.530069	-0.420804
0.530668	-0.420285
0.531266	-0.41976
0.531865	-0.419227
0.532463	-0.418685
0.533061	-0.418133
0.53366	-0.417573
0.534258	-0.417003
0.534857	-0.416425
0.535455	-0.41584
0.536054	-0.415249
0.536652	-0.414651
0.537251	-0.414049
0.53785	-0.413442
0.538449	-0.412831
0.539048	-0.412218
0.539647	-0.411604
0.540245	-0.410988
0.540843	-0.410372
0.541442	-0.409757
0.54204	-0.409141
0.542638	-0.408528
0.543237	-0.407916
0.543835	-0.407308
0.544433	-0.406703
0.545032	-0.406102
0.54563	-0.405506
0.546228	-0.404915
0.546827	-0.404332
0.547426	-0.403755
0.548024	-0.403188
0.548622	-0.402631
0.549221	-0.402083
0.549819	-0.401544
0.550417	-0.401014
0.551015	-0.400493
0.551614	-0.399978
0.552212	-0.399471
0.55281	-0.398969
0.553409	-0.398472
0.554007	-0.397979
0.554605	-0.397489
0.555203	-0.397002
0.555802	-0.396517
0.5564	-0.396033
0.556998	-0.395549
0.557596	-0.395065
0.558194	-0.394581
0.558793	-0.394096
0.559391	-0.393609
0.559989	-0.393119
0.560587	-0.392627
0.561185	-0.392131
0.561783	-0.391631
0.562381	-0.391126
0.56298	-0.390616
0.563578	-0.3901
0.564176	-0.389576
0.564774	-0.389046
0.565372	-0.388508
0.56597	-0.387964
0.566568	-0.387414
0.567166	-0.386857
0.567764	-0.386296
0.568362	-0.385729
0.56896	-0.385159
0.569558	-0.384585
0.570156	-0.384008
0.570754	-0.383428
0.571353	-0.382846
0.571951	-0.382263
0.572549	-0.381678
0.573147	-0.381093
0.573745	-0.380507
0.574343	-0.379922
0.574941	-0.379337
0.575539	-0.378752
0.576137	-0.378169
0.576735	-0.377587
0.577332	-0.377007
0.577931	-0.37643
0.578529	-0.375854
0.579128	-0.375282
0.579726	-0.374715
0.580323	-0.374151
0.580921	-0.373592
0.581519	-0.373036
0.582117	-0.372484
0.582715	-0.371935
0.583313	-0.371389
0.58391	-0.370846
0.584508	-0.370306
0.585106	-0.369768
0.585705	-0.369232
0.586303	-0.368697
0.586901	-0.368165
0.587499	-0.367635
0.588097	-0.367106
0.588695	-0.366578
0.589293	-0.366052
0.58989	-0.365526
0.590488	-0.365001
0.591086	-0.364477
0.591684	-0.363953
0.592281	-0.363429
0.59288	-0.362905
0.593478	-0.362381
0.594077	-0.361857
0.594674	-0.361333
0.595272	-0.360809
0.59587	-0.360285
0.596467	-0.359761
0.597065	-0.359235
0.597663	-0.35871
0.59826	-0.358183
0.598858	-0.357657
0.599456	-0.35713
0.600054	-0.356602
0.600652	-0.356073
0.60125	-0.355545
0.601848	-0.355016
0.602446	-0.354487
0.603043	-0.353957
0.603641	-0.353427
0.604238	-0.352897
0.604836	-0.352366
0.605433	-0.351834
0.606031	-0.351302
0.606628	-0.350769
0.607226	-0.350236
0.607824	-0.349701
0.608422	-0.349165
0.60902	-0.348628
0.609617	-0.348091
0.610215	-0.347552
0.610812	-0.347011
0.61141	-0.34647
0.612007	-0.345927
0.612604	-0.345382
0.613202	-0.344836
0.613799	-0.34429
0.614397	-0.343741
0.614995	-0.343192
0.615592	-0.342643
0.616189	-0.342093
0.616787	-0.341543
0.617384	-0.340992
0.617982	-0.340441
0.618579	-0.339891
0.619176	-0.33934
0.619774	-0.33879
0.620371	-0.33824
0.620968	-0.337691
0.621566	-0.337142
0.622163	-0.336594
0.62276	-0.336047
0.623358	-0.335501
0.623955	-0.334956
0.624552	-0.334413
0.62515	-0.333871
0.625747	-0.33333
0.626344	-0.332792
0.626941	-0.332254
0.627539	-0.331719
0.628136	-0.331184
0.628733	-0.330651
0.629331	-0.330119
0.629928	-0.329589
0.630525	-0.329059
0.631122	-0.32853
0.631719	-0.328002
0.632317	-0.327475
0.632914	-0.326948
0.633511	-0.326422
0.634108	-0.325896
0.634706	-0.325371
0.635303	-0.324846
0.6359	-0.324321
0.636497	-0.323797
0.637095	-0.323272
0.637692	-0.322748
0.638289	-0.322223
0.638886	-0.321699
0.639483	-0.321174
0.64008	-0.320649
0.640678	-0.320123
0.641275	-0.319597
0.641872	-0.31907
0.642469	-0.318543
0.643067	-0.318016
0.643664	-0.317489
0.644261	-0.316961
0.644858	-0.316432
0.645455	-0.315904
0.646052	-0.315375
0.646649	-0.314846
0.647247	-0.314316
0.647844	-0.313786
0.648441	-0.313257
0.649038	-0.312728
0.649635	-0.3122
0.650232	-0.311671
0.650829	-0.311142
0.651426	-0.310614
0.652023	-0.310087
0.65262	-0.309559
0.653217	-0.309032
0.653815	-0.308504
0.654412	-0.307978
0.655009	-0.307453
0.655606	-0.306929
0.656203	-0.306406
0.6568	-0.305883
0.657397	-0.305361
0.657993	-0.304839
0.65859	-0.304317
0.659187	-0.303796
0.659785	-0.303273
0.660382	-0.302751
0.660979	-0.302228
0.661576	-0.301705
0.662173	-0.30118
0.662769	-0.300654
0.663366	-0.300126
0.663963	-0.299597
0.66456	-0.299066
0.665157	-0.298533
0.665754	-0.297997
0.666351	-0.297459
0.666948	-0.29692
0.667545	-0.296378
0.668141	-0.295833
0.668738	-0.295286
0.669334	-0.294735
0.669931	-0.294181
0.670528	-0.293624
0.671124	-0.293063
0.671721	-0.292497
0.672318	-0.291928
0.672915	-0.291355
0.673512	-0.29078
0.674108	-0.290202
0.674705	-0.289621
0.675301	-0.289038
0.675898	-0.288454
0.676494	-0.287868
0.677091	-0.287281
0.677687	-0.286694
0.678284	-0.286106
0.67888	-0.285519
0.679477	-0.284932
0.680073	-0.284346
0.68067	-0.283761
0.681266	-0.283176
0.681863	-0.282594
0.682459	-0.282013
0.683055	-0.281434
0.683652	-0.280858
0.684248	-0.280285
0.684845	-0.279716
0.685441	-0.27915
0.686038	-0.278589
0.686634	-0.278032
0.68723	-0.277479
0.687827	-0.276931
0.688423	-0.276386
0.689019	-0.275844
0.689616	-0.275305
0.690212	-0.274768
0.690809	-0.274234
0.691405	-0.273701
0.692001	-0.27317
0.692598	-0.27264
0.693194	-0.27211
0.69379	-0.271581
0.694386	-0.271052
0.694983	-0.270522
0.695579	-0.269992
0.696176	-0.269462
0.696772	-0.268931
0.697368	-0.268398
0.697964	-0.267864
0.698561	-0.267328
0.699157	-0.26679
0.699753	-0.266249
0.700349	-0.265704
0.700946	-0.265157
0.701542	-0.264606
0.702138	-0.264052
0.702735	-0.263495
0.703331	-0.262935
0.703927	-0.262372
0.704523	-0.261807
0.705119	-0.261239
0.705715	-0.260669
0.706312	-0.260097
0.706908	-0.259523
0.707504	-0.258948
0.7081	-0.258371
0.708696	-0.257793
0.709292	-0.257215
0.709888	-0.256635
0.710484	-0.256055
0.71108	-0.255474
0.711677	-0.254892
0.712274	-0.25431
0.71287	-0.253728
0.713465	-0.253147
0.714061	-0.252565
0.714657	-0.251983
0.715253	-0.251402
0.715849	-0.250821
0.716445	-0.25024
0.717042	-0.249658
0.717638	-0.249077
0.718234	-0.248497
0.71883	-0.247917
0.719426	-0.247337
0.720021	-0.246758
0.720617	-0.24618
0.721213	-0.245602
0.721809	-0.245025
0.722405	-0.244447
0.723002	-0.243871
0.723598	-0.243296
0.724194	-0.242722
0.724789	-0.242149
0.725385	-0.241578
0.725981	-0.241008
0.726577	-0.24044
0.727172	-0.239873
0.727769	-0.239308
0.728365	-0.238746
0.728961	-0.238186
0.729556	-0.237629
0.730152	-0.237074
0.730748	-0.236521
0.731343	-0.23597
0.731939	-0.235421
0.732535	-0.234872
0.733131	-0.234325
0.733727	-0.233778
0.734323	-0.233231
0.734918	-0.232685
0.735514	-0.232138
0.73611	-0.231591
0.736705	-0.231043
0.737301	-0.230494
0.737896	-0.229944
0.738492	-0.229393
0.739088	-0.22884
0.739684	-0.228285
0.740279	-0.227728
0.740875	-0.227169
0.74147	-0.226607
0.742066	-0.226042
0.742661	-0.225474
0.743257	-0.224902
0.743852	-0.224327
0.744448	-0.223749
0.745043	-0.223167
0.745639	-0.222583
0.746234	-0.221995
0.74683	-0.221406
0.747425	-0.220813
0.748021	-0.220219
0.748616	-0.219623
0.749211	-0.219024
0.749807	-0.218424
0.750402	-0.217823
0.750997	-0.21722
0.751593	-0.216615
0.752188	-0.21601
0.752783	-0.215404
0.753379	-0.214797
0.753974	-0.21419
0.75457	-0.213582
0.755165	-0.212974
0.75576	-0.212365
0.756355	-0.211757
0.756951	-0.211149
0.757546	-0.210542
0.758141	-0.209934
0.758736	-0.209327
0.759332	-0.20872
0.759927	-0.208114
0.760522	-0.207508
0.761117	-0.206901
0.761713	-0.206295
0.762308	-0.205689
0.762903	-0.205083
0.763498	-0.204477
0.764094	-0.203871
0.764689	-0.203265
0.765284	-0.202659
0.765879	-0.202053
0.766474	-0.201447
0.767069	-0.200841
0.767664	-0.200235
0.768259	-0.199629
0.768855	-0.199023
0.76945	-0.198416
0.770045	-0.197809
0.77064	-0.197203
0.771235	-0.196596
0.77183	-0.195989
0.772425	-0.195382
0.773021	-0.194775
0.773616	-0.194167
0.774211	-0.193558
0.774806	-0.19295
0.775401	-0.192342
0.775996	-0.191733
0.776591	-0.191124
0.777186	-0.190515
0.777781	-0.189906
0.778376	-0.189296
0.778972	-0.188686
0.779567	-0.188076
0.780162	-0.187466
0.780757	-0.186857
0.781352	-0.186247
0.781946	-0.185638
0.782541	-0.185028
0.783136	-0.184418
0.783732	-0.183808
0.784327	-0.183198
0.784922	-0.182588
0.785517	-0.181978
0.786111	-0.181367
0.786706	-0.180756
0.787301	-0.180145
0.787896	-0.179532
0.788491	-0.178917
0.789086	-0.178303
0.789681	-0.177687
0.790276	-0.17707
0.79087	-0.176451
0.791465	-0.175831
0.79206	-0.175209
0.792654	-0.174585
0.79325	-0.173958
0.793844	-0.17333
0.794439	-0.172699
0.795034	-0.172066
0.795628	-0.171431
0.796223	-0.170792
0.796817	-0.170151
0.797412	-0.169507
0.798007	-0.16886
0.798602	-0.168211
0.799196	-0.167561
0.799791	-0.166909
0.800385	-0.166255
0.800979	-0.1656
0.801574	-0.164944
0.802168	-0.164286
0.802763	-0.163628
0.803358	-0.16297
0.803952	-0.162311
0.804546	-0.161653
0.805141	-0.160994
0.805735	-0.160337
0.80633	-0.159679
0.806924	-0.159023
0.807519	-0.158367
0.808113	-0.157714
0.808707	-0.157061
0.809302	-0.156411
0.809896	-0.155761
0.81049	-0.155113
0.811085	-0.154466
0.811679	-0.15382
0.812274	-0.153174
0.812868	-0.152528
0.813462	-0.151882
0.814056	-0.151236
0.814651	-0.150589
0.815245	-0.149941
0.815839	-0.149291
0.816433	-0.148641
0.817028	-0.147988
0.817622	-0.147334
0.818216	-0.146677
0.81881	-0.146018
0.819404	-0.145355
0.819999	-0.14469
0.820593	-0.14402
0.821187	-0.143347
0.821781	-0.14267
0.822375	-0.14199
0.822969	-0.141307
0.823564	-0.140621
0.824158	-0.139932
0.824752	-0.139241
0.825346	-0.138548
0.82594	-0.137853
0.826534	-0.137157
0.827128	-0.136459
0.827722	-0.135761
0.828316	-0.135062
0.82891	-0.134363
0.829504	-0.133663
0.830099	-0.132963
0.830693	-0.132265
0.831287	-0.131567
0.831881	-0.13087
0.832475	-0.130175
0.833069	-0.129481
0.833663	-0.128788
0.834257	-0.128096
0.834851	-0.127406
0.835445	-0.126717
0.836039	-0.126029
0.836633	-0.125342
0.837227	-0.124655
0.83782	-0.123969
0.838414	-0.123282
0.839009	-0.122596
0.839603	-0.121909
0.840197	-0.121223
0.84079	-0.120537
0.841384	-0.11985
0.841978	-0.119162
0.842572	-0.118474
0.843166	-0.117784
0.84376	-0.117094
0.844354	-0.116404
0.844948	-0.115713
0.845541	-0.11502
0.846135	-0.114327
0.846729	-0.113632
0.847323	-0.112935
0.847917	-0.112237
0.848511	-0.111537
0.849105	-0.110836
0.849698	-0.110133
0.850292	-0.109427
0.850885	-0.10872
0.851479	-0.108009
0.852073	-0.107295
0.852667	-0.10658
0.853261	-0.105861
0.853854	-0.105138
0.854448	-0.104412
0.855041	-0.103683
0.855635	-0.102948
0.856229	-0.10221
0.856822	-0.101467
0.857416	-0.100722
0.858009	-0.0999726
0.858602	-0.0992205
0.859196	-0.0984656
0.859789	-0.0977084
0.860383	-0.0969489
0.860976	-0.0961877
0.86157	-0.0954256
0.862163	-0.0946626
0.862756	-0.0938991
0.86335	-0.0931354
0.863943	-0.0923719
0.864536	-0.0916089
0.86513	-0.0908468
0.865723	-0.0900865
0.866316	-0.0893279
0.866909	-0.0885712
0.867503	-0.0878163
0.868096	-0.0870629
0.868689	-0.0863106
0.869283	-0.0855591
0.869876	-0.0848081
0.870469	-0.0840572
0.871062	-0.0833059
0.871655	-0.0825538
0.872248	-0.0818005
0.872842	-0.0810457
0.873435	-0.0802888
0.874028	-0.0795295
0.874621	-0.0787677
0.875214	-0.0780027
0.875807	-0.077234
0.8764	-0.0764613
0.876993	-0.0756842
0.877586	-0.0749027
0.878179	-0.0741169
0.878772	-0.073327
0.879365	-0.0725333
0.879958	-0.0717362
0.880551	-0.0709359
0.881144	-0.0701329
0.881737	-0.0693271
0.88233	-0.0685196
0.882923	-0.0677105
0.883516	-0.0668999
0.884109	-0.0660883
0.884701	-0.065276
0.885294	-0.0644632
0.885888	-0.0636503
0.88648	-0.0628381
0.887073	-0.0620266
0.887666	-0.0612159
0.888259	-0.0604059
0.888852	-0.0595965
0.889445	-0.0587872
0.890038	-0.0579782
0.890631	-0.0571697
0.891223	-0.0563614
0.891816	-0.0555528
0.892409	-0.0547439
0.893002	-0.0539343
0.893595	-0.0531236
0.894188	-0.0523123
0.89478	-0.0515003
0.895373	-0.0506873
0.895966	-0.049873
0.896558	-0.0490573
0.897151	-0.0482402
0.897744	-0.0474205
0.898337	-0.0465996
0.89893	-0.0457771
0.899522	-0.0449523
0.900115	-0.0441252
0.900707	-0.0432957
0.9013	-0.0424631
0.901893	-0.0416269
0.902486	-0.0407888
0.903078	-0.0399477
0.903671	-0.0391033
0.904263	-0.0382554
0.904856	-0.0374038
0.905449	-0.0365475
0.906042	-0.0356872
0.906634	-0.0348239
0.907226	-0.0339567
0.907819	-0.0330857
0.908411	-0.0322114
0.909004	-0.0313337
0.909597	-0.0304524
0.910189	-0.0295692
0.910781	-0.0286844
0.911374	-0.0277978
0.911966	-0.0269097
0.912558	-0.0260204
0.913151	-0.0251299
0.913744	-0.0242382
0.914336	-0.0233474
0.914928	-0.0224569
0.91552	-0.0215669
0.916112	-0.0206772
0.916705	-0.0197877
0.917297	-0.0188978
0.917889	-0.0180071
0.918482	-0.0171163
0.919074	-0.0162243
0.919666	-0.0153307
0.920258	-0.0144351
0.92085	-0.0135371
0.921442	-0.0126355
0.922035	-0.0117312
0.922627	-0.0108233
0.923219	-0.00991133
0.923811	-0.00899474
0.924402	-0.00807351
0.924995	-0.00714751
0.925587	-0.00621693
0.926179	-0.00528306
0.926771	-0.00434575
0.927363	-0.00340542
0.927954	-0.00246255
0.928546	-0.00151763
0.929138	-0.000570689
0.92973	0.000377044
0.930322	0.00132518
0.930914	0.00227336
0.931506	0.00322108
0.932097	0.00416796
0.932689	0.00511392
0.933281	0.00605896
0.933873	0.00700297
0.934465	0.0079462
0.935057	0.00888889
0.935648	0.00983127
)
