  alpha     CL        CD       CDp       Cm    Top Xtr Bot Xtr   Cpmin    Chinge    XCp    
 -10.000  -0.8362   0.02788   0.02409  -0.0522  1.0000  0.0143  -7.1399   0.0000   0.0000   0.0000   0.1785
  -9.950  -0.8339   0.02758   0.02374  -0.0518  1.0000  0.0144  -7.1056   0.0000   0.0000   0.0000   0.1788
  -9.900  -0.8316   0.02728   0.02341  -0.0515  1.0000  0.0144  -7.0704   0.0000   0.0000   0.0000   0.1791
  -9.850  -0.8291   0.02699   0.02309  -0.0511  1.0000  0.0144  -7.0345   0.0000   0.0000   0.0000   0.1794
  -9.800  -0.8266   0.02672   0.02278  -0.0508  1.0000  0.0145  -6.9978   0.0000   0.0000   0.0000   0.1797
  -9.750  -0.8241   0.02645   0.02246  -0.0504  1.0000  0.0145  -6.9607   0.0000   0.0000   0.0000   0.1800
  -9.700  -0.8214   0.02620   0.02217  -0.0500  1.0000  0.0145  -6.9225   0.0000   0.0000   0.0000   0.1803
  -9.650  -0.8188   0.02595   0.02190  -0.0497  1.0000  0.0145  -6.8835   0.0000   0.0000   0.0000   0.1806
  -9.600  -0.8160   0.02572   0.02163  -0.0493  1.0000  0.0146  -6.8438   0.0000   0.0000   0.0000   0.1809
  -9.550  -0.8132   0.02549   0.02137  -0.0489  1.0000  0.0146  -6.8034   0.0000   0.0000   0.0000   0.1812
  -9.500  -0.8103   0.02527   0.02113  -0.0486  1.0000  0.0146  -6.7623   0.0000   0.0000   0.0000   0.1815
  -9.450  -0.8074   0.02507   0.02089  -0.0482  1.0000  0.0146  -6.7206   0.0000   0.0000   0.0000   0.1817
  -9.400  -0.8044   0.02487   0.02067  -0.0479  1.0000  0.0147  -6.6782   0.0000   0.0000   0.0000   0.1820
  -9.350  -0.8014   0.02468   0.02045  -0.0475  1.0000  0.0147  -6.6351   0.0000   0.0000   0.0000   0.1823
  -9.300  -0.7983   0.02451   0.02025  -0.0472  1.0000  0.0147  -6.5913   0.0000   0.0000   0.0000   0.1825
  -9.250  -0.7974   0.02392   0.01959  -0.0466  1.0000  0.0148  -6.5822   0.0000   0.0000   0.0000   0.1832
  -9.200  -0.7988   0.02286   0.01841  -0.0459  1.0000  0.0149  -6.6116   0.0000   0.0000   0.0000   0.1843
  -9.150  -0.7994   0.02194   0.01738  -0.0452  1.0000  0.0150  -6.6293   0.0000   0.0000   0.0000   0.1852
  -9.100  -0.7990   0.02116   0.01650  -0.0445  1.0000  0.0151  -6.6351   0.0000   0.0000   0.0000   0.1860
  -9.050  -0.7980   0.02051   0.01577  -0.0440  1.0000  0.0152  -6.6298   0.0000   0.0000   0.0000   0.1867
  -9.000  -0.7964   0.01998   0.01517  -0.0435  1.0000  0.0154  -6.6151   0.0000   0.0000   0.0000   0.1872
  -8.950  -0.7943   0.01953   0.01467  -0.0430  1.0000  0.0155  -6.5925   0.0000   0.0000   0.0000   0.1877
  -8.900  -0.7917   0.01916   0.01425  -0.0426  1.0000  0.0157  -6.5636   0.0000   0.0000   0.0000   0.1881
  -8.850  -0.7889   0.01884   0.01391  -0.0422  1.0000  0.0158  -6.5295   0.0000   0.0000   0.0000   0.1885
  -8.800  -0.7859   0.01858   0.01361  -0.0419  1.0000  0.0159  -6.4912   0.0000   0.0000   0.0000   0.1888
  -8.750  -0.7826   0.01835   0.01336  -0.0415  1.0000  0.0161  -6.4496   0.0000   0.0000   0.0000   0.1890
  -8.700  -0.7792   0.01816   0.01315  -0.0412  1.0000  0.0162  -6.4054   0.0000   0.0000   0.0000   0.1892
  -8.650  -0.7757   0.01799   0.01296  -0.0409  1.0000  0.0163  -6.3592   0.0000   0.0000   0.0000   0.1894
  -8.600  -0.7720   0.01783   0.01280  -0.0406  1.0000  0.0164  -6.3115   0.0000   0.0000   0.0000   0.1896
  -8.550  -0.7683   0.01770   0.01265  -0.0403  1.0000  0.0165  -6.2628   0.0000   0.0000   0.0000   0.1898
  -8.500  -0.7646   0.01757   0.01251  -0.0400  1.0000  0.0167  -6.2132   0.0000   0.0000   0.0000   0.1899
  -8.450  -0.7607   0.01745   0.01238  -0.0398  1.0000  0.0168  -6.1630   0.0000   0.0000   0.0000   0.1901
  -8.400  -0.7569   0.01735   0.01227  -0.0395  1.0000  0.0169  -6.1117   0.0000   0.0000   0.0000   0.1902
  -8.350  -0.7529   0.01726   0.01217  -0.0392  1.0000  0.0170  -6.0597   0.0000   0.0000   0.0000   0.1903
  -8.300  -0.7490   0.01718   0.01208  -0.0390  1.0000  0.0172  -6.0072   0.0000   0.0000   0.0000   0.1905
  -8.250  -0.7450   0.01710   0.01200  -0.0387  1.0000  0.0173  -5.9544   0.0000   0.0000   0.0000   0.1906
  -8.200  -0.7410   0.01702   0.01192  -0.0385  1.0000  0.0175  -5.9016   0.0000   0.0000   0.0000   0.1907
  -8.150  -0.7369   0.01695   0.01184  -0.0382  1.0000  0.0176  -5.8490   0.0000   0.0000   0.0000   0.1908
  -8.100  -0.7329   0.01688   0.01176  -0.0380  1.0000  0.0178  -5.7966   0.0000   0.0000   0.0000   0.1908
  -8.050  -0.7288   0.01681   0.01168  -0.0378  1.0000  0.0180  -5.7445   0.0000   0.0000   0.0000   0.1909
  -8.000  -0.7229   0.01672   0.01159  -0.0379  0.9998  0.0182  -5.6827   0.0000   0.0000   0.0000   0.1904
  -7.950  -0.7163   0.01663   0.01149  -0.0382  0.9996  0.0184  -5.6172   0.0000   0.0000   0.0000   0.1895
  -7.900  -0.7096   0.01654   0.01138  -0.0385  0.9993  0.0186  -5.5527   0.0000   0.0000   0.0000   0.1886
  -7.850  -0.7029   0.01644   0.01127  -0.0388  0.9990  0.0188  -5.4891   0.0000   0.0000   0.0000   0.1877
  -7.800  -0.6963   0.01633   0.01115  -0.0390  0.9987  0.0191  -5.4263   0.0000   0.0000   0.0000   0.1869
  -7.750  -0.6896   0.01623   0.01103  -0.0393  0.9983  0.0193  -5.3642   0.0000   0.0000   0.0000   0.1859
  -7.700  -0.6830   0.01612   0.01090  -0.0396  0.9980  0.0195  -5.3026   0.0000   0.0000   0.0000   0.1850
  -7.650  -0.6763   0.01600   0.01077  -0.0399  0.9976  0.0197  -5.2413   0.0000   0.0000   0.0000   0.1840
  -7.600  -0.6696   0.01588   0.01062  -0.0402  0.9973  0.0199  -5.1801   0.0000   0.0000   0.0000   0.1830
  -7.550  -0.6629   0.01576   0.01048  -0.0405  0.9969  0.0201  -5.1200   0.0000   0.0000   0.0000   0.1820
  -7.500  -0.6562   0.01564   0.01034  -0.0408  0.9965  0.0202  -5.0605   0.0000   0.0000   0.0000   0.1810
  -7.450  -0.6495   0.01552   0.01020  -0.0411  0.9961  0.0204  -5.0009   0.0000   0.0000   0.0000   0.1800
  -7.400  -0.6427   0.01541   0.01007  -0.0413  0.9958  0.0205  -4.9411   0.0000   0.0000   0.0000   0.1789
  -7.350  -0.6359   0.01531   0.00995  -0.0416  0.9954  0.0207  -4.8810   0.0000   0.0000   0.0000   0.1777
  -7.300  -0.6291   0.01521   0.00984  -0.0419  0.9950  0.0208  -4.8206   0.0000   0.0000   0.0000   0.1766
  -7.250  -0.6222   0.01512   0.00973  -0.0423  0.9946  0.0209  -4.7599   0.0000   0.0000   0.0000   0.1754
  -7.200  -0.6153   0.01503   0.00963  -0.0426  0.9943  0.0210  -4.6989   0.0000   0.0000   0.0000   0.1741
  -7.150  -0.6083   0.01495   0.00953  -0.0429  0.9939  0.0211  -4.6376   0.0000   0.0000   0.0000   0.1728
  -7.100  -0.6013   0.01487   0.00945  -0.0432  0.9936  0.0212  -4.5761   0.0000   0.0000   0.0000   0.1715
  -7.050  -0.5943   0.01481   0.00937  -0.0436  0.9932  0.0212  -4.5144   0.0000   0.0000   0.0000   0.1701
  -7.000  -0.5877   0.01457   0.00911  -0.0439  0.9929  0.0214  -4.4636   0.0000   0.0000   0.0000   0.1688
  -6.950  -0.5825   0.01386   0.00830  -0.0440  0.9925  0.0220  -4.4448   0.0000   0.0000   0.0000   0.1679
  -6.900  -0.5764   0.01345   0.00785  -0.0442  0.9922  0.0225  -4.4058   0.0000   0.0000   0.0000   0.1667
  -6.850  -0.5699   0.01319   0.00755  -0.0445  0.9919  0.0229  -4.3653   0.0000   0.0000   0.0000   0.1653
  -6.800  -0.5631   0.01299   0.00734  -0.0449  0.9916  0.0234  -4.3229   0.0000   0.0000   0.0000   0.1638
  -6.750  -0.5562   0.01284   0.00719  -0.0452  0.9913  0.0238  -4.2764   0.0000   0.0000   0.0000   0.1622
  -6.700  -0.5491   0.01272   0.00707  -0.0456  0.9910  0.0241  -4.2274   0.0000   0.0000   0.0000   0.1605
  -6.650  -0.5419   0.01262   0.00697  -0.0460  0.9907  0.0245  -4.1768   0.0000   0.0000   0.0000   0.1587
  -6.600  -0.5347   0.01254   0.00688  -0.0464  0.9905  0.0248  -4.1253   0.0000   0.0000   0.0000   0.1568
  -6.550  -0.5274   0.01246   0.00680  -0.0468  0.9902  0.0252  -4.0736   0.0000   0.0000   0.0000   0.1549
  -6.500  -0.5206   0.01238   0.00671  -0.0470  0.9898  0.0256  -4.0242   0.0000   0.0000   0.0000   0.1532
  -6.450  -0.5147   0.01230   0.00663  -0.0471  0.9892  0.0259  -3.9788   0.0000   0.0000   0.0000   0.1520
  -6.400  -0.5086   0.01223   0.00655  -0.0472  0.9885  0.0262  -3.9328   0.0000   0.0000   0.0000   0.1507
  -6.350  -0.5024   0.01215   0.00646  -0.0474  0.9878  0.0266  -3.8866   0.0000   0.0000   0.0000   0.1493
  -6.300  -0.4960   0.01207   0.00638  -0.0476  0.9871  0.0270  -3.8401   0.0000   0.0000   0.0000   0.1477
  -6.250  -0.4895   0.01199   0.00630  -0.0478  0.9864  0.0273  -3.7932   0.0000   0.0000   0.0000   0.1461
  -6.200  -0.4829   0.01192   0.00620  -0.0480  0.9857  0.0277  -3.7459   0.0000   0.0000   0.0000   0.1443
  -6.150  -0.4763   0.01185   0.00612  -0.0482  0.9850  0.0281  -3.6988   0.0000   0.0000   0.0000   0.1424
  -6.100  -0.4695   0.01178   0.00604  -0.0485  0.9843  0.0284  -3.6510   0.0000   0.0000   0.0000   0.1404
  -6.050  -0.4626   0.01172   0.00598  -0.0488  0.9837  0.0288  -3.6023   0.0000   0.0000   0.0000   0.1383
  -6.000  -0.4556   0.01167   0.00592  -0.0491  0.9830  0.0291  -3.5526   0.0000   0.0000   0.0000   0.1360
  -5.950  -0.4486   0.01163   0.00588  -0.0494  0.9824  0.0294  -3.5023   0.0000   0.0000   0.0000   0.1336
  -5.900  -0.4415   0.01159   0.00584  -0.0498  0.9817  0.0296  -3.4515   0.0000   0.0000   0.0000   0.1310
  -5.850  -0.4343   0.01156   0.00581  -0.0501  0.9811  0.0299  -3.4003   0.0000   0.0000   0.0000   0.1284
  -5.800  -0.4270   0.01154   0.00579  -0.0505  0.9806  0.0300  -3.3490   0.0000   0.0000   0.0000   0.1256
  -5.750  -0.4199   0.01147   0.00571  -0.0508  0.9800  0.0303  -3.3013   0.0000   0.0000   0.0000   0.1228
  -5.700  -0.4138   0.01106   0.00524  -0.0510  0.9794  0.0318  -3.2775   0.0000   0.0000   0.0000   0.1205
  -5.650  -0.4070   0.01086   0.00502  -0.0513  0.9788  0.0330  -3.2396   0.0000   0.0000   0.0000   0.1177
  -5.600  -0.4000   0.01072   0.00489  -0.0516  0.9783  0.0340  -3.1963   0.0000   0.0000   0.0000   0.1147
  -5.550  -0.3929   0.01062   0.00479  -0.0520  0.9778  0.0349  -3.1505   0.0000   0.0000   0.0000   0.1115
  -5.500  -0.3858   0.01054   0.00471  -0.0523  0.9774  0.0356  -3.1036   0.0000   0.0000   0.0000   0.1081
  -5.450  -0.3786   0.01047   0.00464  -0.0527  0.9769  0.0364  -3.0563   0.0000   0.0000   0.0000   0.1046
  -5.400  -0.3714   0.01040   0.00458  -0.0530  0.9765  0.0371  -3.0090   0.0000   0.0000   0.0000   0.1009
  -5.350  -0.3642   0.01034   0.00451  -0.0534  0.9761  0.0378  -2.9618   0.0000   0.0000   0.0000   0.0971
  -5.300  -0.3570   0.01028   0.00445  -0.0538  0.9757  0.0385  -2.9149   0.0000   0.0000   0.0000   0.0930
  -5.250  -0.3497   0.01022   0.00439  -0.0541  0.9754  0.0392  -2.8682   0.0000   0.0000   0.0000   0.0889
  -5.200  -0.3425   0.01016   0.00433  -0.0545  0.9750  0.0399  -2.8217   0.0000   0.0000   0.0000   0.0845
  -5.150  -0.3353   0.01011   0.00427  -0.0548  0.9746  0.0406  -2.7755   0.0000   0.0000   0.0000   0.0800
  -5.100  -0.3281   0.01007   0.00422  -0.0552  0.9741  0.0411  -2.7294   0.0000   0.0000   0.0000   0.0754
  -5.050  -0.3209   0.01002   0.00418  -0.0555  0.9737  0.0416  -2.6833   0.0000   0.0000   0.0000   0.0706
  -5.000  -0.3138   0.00999   0.00412  -0.0559  0.9732  0.0419  -2.6380   0.0000   0.0000   0.0000   0.0655
  -4.950  -0.3066   0.00996   0.00409  -0.0562  0.9728  0.0422  -2.5918   0.0000   0.0000   0.0000   0.0602
  -4.900  -0.2998   0.00981   0.00392  -0.0565  0.9723  0.0437  -2.5535   0.0000   0.0000   0.0000   0.0551
  -4.850  -0.2930   0.00964   0.00375  -0.0567  0.9717  0.0463  -2.5165   0.0000   0.0000   0.0000   0.0498
  -4.800  -0.2860   0.00954   0.00365  -0.0571  0.9712  0.0485  -2.4747   0.0000   0.0000   0.0000   0.0439
  -4.750  -0.2790   0.00946   0.00359  -0.0574  0.9707  0.0502  -2.4311   0.0000   0.0000   0.0000   0.0376
  -4.700  -0.2736   0.00940   0.00355  -0.0573  0.9696  0.0517  -2.3927   0.0000   0.0000   0.0000   0.0337
  -4.650  -0.2687   0.00935   0.00350  -0.0572  0.9682  0.0530  -2.3563   0.0000   0.0000   0.0000   0.0305
  -4.600  -0.2634   0.00930   0.00346  -0.0571  0.9669  0.0543  -2.3184   0.0000   0.0000   0.0000   0.0265
  -4.550  -0.2578   0.00926   0.00342  -0.0571  0.9656  0.0554  -2.2797   0.0000   0.0000   0.0000   0.0219
  -4.500  -0.2521   0.00923   0.00338  -0.0571  0.9644  0.0564  -2.2405   0.0000   0.0000   0.0000   0.0167
  -4.450  -0.2462   0.00920   0.00334  -0.0572  0.9632  0.0573  -2.2010   0.0000   0.0000   0.0000   0.0110
  -4.400  -0.2402   0.00917   0.00331  -0.0572  0.9621  0.0579  -2.1668   0.0000   0.0000   0.0000   0.0048
  -4.350  -0.2341   0.00914   0.00328  -0.0573  0.9610  0.0583  -2.1324   0.0000   0.0000   0.0000  -0.0018
  -4.300  -0.2283   0.00901   0.00315  -0.0573  0.9598  0.0627  -2.1051   0.0000   0.0000   0.0000  -0.0081
  -4.250  -0.2224   0.00891   0.00308  -0.0574  0.9587  0.0663  -2.0740   0.0000   0.0000   0.0000  -0.0151
  -4.200  -0.2165   0.00884   0.00302  -0.0575  0.9575  0.0690  -2.0415   0.0000   0.0000   0.0000  -0.0226
  -4.150  -0.2105   0.00878   0.00298  -0.0576  0.9564  0.0715  -2.0088   0.0000   0.0000   0.0000  -0.0306
  -4.100  -0.2044   0.00873   0.00294  -0.0576  0.9553  0.0736  -1.9760   0.0000   0.0000   0.0000  -0.0392
  -4.050  -0.1982   0.00868   0.00289  -0.0578  0.9543  0.0755  -1.9428   0.0000   0.0000   0.0000  -0.0486
  -4.000  -0.1919   0.00865   0.00285  -0.0579  0.9532  0.0769  -1.9093   0.0000   0.0000   0.0000  -0.0590
  -3.950  -0.1856   0.00861   0.00281  -0.0580  0.9522  0.0780  -1.8758   0.0000   0.0000   0.0000  -0.0702
  -3.900  -0.1794   0.00853   0.00274  -0.0581  0.9511  0.0836  -1.8449   0.0000   0.0000   0.0000  -0.0817
  -3.850  -0.1732   0.00845   0.00269  -0.0583  0.9500  0.0881  -1.8128   0.0000   0.0000   0.0000  -0.0941
  -3.800  -0.1670   0.00839   0.00265  -0.0584  0.9489  0.0919  -1.7806   0.0000   0.0000   0.0000  -0.1075
  -3.750  -0.1608   0.00834   0.00260  -0.0585  0.9477  0.0953  -1.7488   0.0000   0.0000   0.0000  -0.1220
  -3.700  -0.1558   0.00830   0.00257  -0.0584  0.9461  0.0978  -1.7198   0.0000   0.0000   0.0000  -0.1328
  -3.600  -0.1458   0.00821   0.00250  -0.0581  0.9424  0.1059  -1.6627   0.0000   0.0000   0.0000  -0.1569
  -3.550  -0.1407   0.00814   0.00246  -0.0580  0.9406  0.1111  -1.6340   0.0000   0.0000   0.0000  -0.1707
  -3.500  -0.1354   0.00809   0.00243  -0.0579  0.9387  0.1157  -1.6050   0.0000   0.0000   0.0000  -0.1861
  -3.450  -0.1301   0.00805   0.00240  -0.0578  0.9369  0.1196  -1.5757   0.0000   0.0000   0.0000  -0.2033
  -3.400  -0.1246   0.00801   0.00237  -0.0578  0.9352  0.1226  -1.5462   0.0000   0.0000   0.0000  -0.2226
  -3.350  -0.1191   0.00795   0.00233  -0.0577  0.9336  0.1294  -1.5172   0.0000   0.0000   0.0000  -0.2439
  -3.300  -0.1136   0.00788   0.00229  -0.0577  0.9320  0.1352  -1.4881   0.0000   0.0000   0.0000  -0.2675
  -3.250  -0.1080   0.00784   0.00226  -0.0577  0.9304  0.1403  -1.4587   0.0000   0.0000   0.0000  -0.2941
  -3.200  -0.1023   0.00780   0.00222  -0.0577  0.9288  0.1444  -1.4293   0.0000   0.0000   0.0000  -0.3240
  -3.150  -0.0966   0.00776   0.00219  -0.0577  0.9273  0.1497  -1.4002   0.0000   0.0000   0.0000  -0.3574
  -3.100  -0.0910   0.00769   0.00215  -0.0577  0.9257  0.1563  -1.3715   0.0000   0.0000   0.0000  -0.3944
  -3.050  -0.0854   0.00765   0.00212  -0.0577  0.9240  0.1622  -1.3427   0.0000   0.0000   0.0000  -0.4368
  -3.000  -0.0800   0.00761   0.00210  -0.0576  0.9223  0.1671  -1.3162   0.0000   0.0000   0.0000  -0.4819
  -2.950  -0.0748   0.00758   0.00208  -0.0575  0.9203  0.1722  -1.2928   0.0000   0.0000   0.0000  -0.5312
  -2.900  -0.0697   0.00752   0.00205  -0.0574  0.9182  0.1797  -1.2698   0.0000   0.0000   0.0000  -0.5870
  -2.850  -0.0645   0.00747   0.00203  -0.0573  0.9160  0.1866  -1.2465   0.0000   0.0000   0.0000  -0.6530
  -2.800  -0.0591   0.00743   0.00200  -0.0572  0.9138  0.1925  -1.2231   0.0000   0.0000   0.0000  -0.7329
  -2.750  -0.0538   0.00738   0.00198  -0.0572  0.9116  0.1998  -1.1999   0.0000   0.0000   0.0000  -0.8284
  -2.700  -0.0485   0.00732   0.00195  -0.0571  0.9094  0.2079  -1.1767   0.0000   0.0000   0.0000  -0.9446
  -2.650  -0.0431   0.00728   0.00192  -0.0570  0.9072  0.2149  -1.1535   0.0000   0.0000   0.0000  -1.0929
  -2.600  -0.0376   0.00724   0.00189  -0.0570  0.9052  0.2216  -1.1303   0.0000   0.0000   0.0000  -1.2852
  -2.550  -0.0323   0.00719   0.00187  -0.0569  0.9032  0.2301  -1.1075   0.0000   0.0000   0.0000  -1.5381
  -2.500  -0.0268   0.00715   0.00183  -0.0569  0.9012  0.2375  -1.0849   0.0000   0.0000   0.0000  -1.8999
  -2.400  -0.0160   0.00707   0.00179  -0.0568  0.8971  0.2517  -1.0395   0.0000   0.0000   0.0000  -3.3456
  -2.350  -0.0107   0.00703   0.00177  -0.0567  0.8949  0.2595  -1.0172   0.0000   0.0000   0.0000  -5.1339
  -2.300  -0.0053   0.00699   0.00175  -0.0566  0.8925  0.2663  -0.9948   0.0000   0.0000   0.0000  -10.6324
  -2.250   0.0001   0.00695   0.00173  -0.0566  0.8900  0.2743  -0.9727   0.0000   0.0000   0.0000  1038.3439
  -2.200   0.0054   0.00690   0.00171  -0.0565  0.8875  0.2835  -0.9507   0.0000   0.0000   0.0000  10.9025
  -2.150   0.0107   0.00687   0.00169  -0.0564  0.8850  0.2918  -0.9287   0.0000   0.0000   0.0000   5.5570
  -2.100   0.0160   0.00681   0.00167  -0.0564  0.8825  0.3017  -0.9070   0.0000   0.0000   0.0000   3.8022
  -2.050   0.0214   0.00677   0.00165  -0.0563  0.8800  0.3118  -0.8853   0.0000   0.0000   0.0000   2.9105
  -2.000   0.0267   0.00673   0.00162  -0.0562  0.8776  0.3210  -0.8645   0.0000   0.0000   0.0000   2.3727
  -1.950   0.0320   0.00668   0.00160  -0.0562  0.8752  0.3318  -0.8462   0.0000   0.0000   0.0000   2.0189
  -1.900   0.0374   0.00665   0.00159  -0.0561  0.8729  0.3414  -0.8278   0.0000   0.0000   0.0000   1.7616
  -1.850   0.0428   0.00659   0.00157  -0.0561  0.8703  0.3516  -0.8097   0.0000   0.0000   0.0000   1.5723
  -1.800   0.0481   0.00655   0.00156  -0.0560  0.8677  0.3620  -0.7915   0.0000   0.0000   0.0000   1.4238
  -1.750   0.0535   0.00651   0.00154  -0.0559  0.8649  0.3713  -0.7734   0.0000   0.0000   0.0000   1.3046
  -1.700   0.0587   0.00646   0.00152  -0.0559  0.8621  0.3825  -0.7556   0.0000   0.0000   0.0000   1.2083
  -1.600   0.0693   0.00636   0.00149  -0.0557  0.8566  0.4075  -0.7201   0.0000   0.0000   0.0000   1.0598
  -1.550   0.0745   0.00631   0.00147  -0.0556  0.8539  0.4222  -0.7026   0.0000   0.0000   0.0000   1.0016
  -1.500   0.0797   0.00625   0.00145  -0.0555  0.8512  0.4400  -0.6853   0.0000   0.0000   0.0000   0.9514
  -1.450   0.0848   0.00618   0.00144  -0.0555  0.8486  0.4586  -0.6680   0.0000   0.0000   0.0000   0.9076
  -1.400   0.0900   0.00611   0.00144  -0.0554  0.8458  0.4771  -0.6508   0.0000   0.0000   0.0000   0.8687
  -1.350   0.0952   0.00605   0.00143  -0.0553  0.8429  0.4957  -0.6337   0.0000   0.0000   0.0000   0.8339
  -1.300   0.1004   0.00599   0.00142  -0.0552  0.8397  0.5142  -0.6175   0.0000   0.0000   0.0000   0.8028
  -1.250   0.1055   0.00593   0.00141  -0.0551  0.8366  0.5312  -0.6031   0.0000   0.0000   0.0000   0.7748
  -1.200   0.1107   0.00589   0.00139  -0.0550  0.8335  0.5469  -0.5887   0.0000   0.0000   0.0000   0.7491
  -1.150   0.1158   0.00584   0.00138  -0.0549  0.8304  0.5626  -0.5743   0.0000   0.0000   0.0000   0.7258
  -1.100   0.1209   0.00580   0.00137  -0.0548  0.8274  0.5772  -0.5601   0.0000   0.0000   0.0000   0.7045
  -1.050   0.1261   0.00576   0.00137  -0.0547  0.8245  0.5932  -0.5458   0.0000   0.0000   0.0000   0.6848
  -1.000   0.1313   0.00570   0.00136  -0.0546  0.8216  0.6100  -0.5317   0.0000   0.0000   0.0000   0.6669
  -0.950   0.1364   0.00565   0.00136  -0.0544  0.8185  0.6265  -0.5177   0.0000   0.0000   0.0000   0.6502
  -0.900   0.1415   0.00560   0.00136  -0.0543  0.8152  0.6436  -0.5036   0.0000   0.0000   0.0000   0.6347
  -0.850   0.1465   0.00555   0.00136  -0.0542  0.8119  0.6606  -0.4899   0.0000   0.0000   0.0000   0.6204
  -0.800   0.1515   0.00551   0.00135  -0.0540  0.8085  0.6763  -0.4762   0.0000   0.0000   0.0000   0.6070
  -0.750   0.1565   0.00547   0.00135  -0.0538  0.8052  0.6922  -0.4625   0.0000   0.0000   0.0000   0.5944
  -0.700   0.1614   0.00544   0.00134  -0.0536  0.8019  0.7068  -0.4501   0.0000   0.0000   0.0000   0.5827
  -0.650   0.1665   0.00540   0.00134  -0.0535  0.7989  0.7208  -0.4426   0.0000   0.0000   0.0000   0.5715
  -0.600   0.1716   0.00536   0.00134  -0.0533  0.7956  0.7342  -0.4464   0.0000   0.0000   0.0000   0.5610
  -0.550   0.1767   0.00533   0.00135  -0.0532  0.7921  0.7472  -0.4503   0.0000   0.0000   0.0000   0.5511
  -0.500   0.1815   0.00529   0.00135  -0.0530  0.7885  0.7616  -0.4540   0.0000   0.0000   0.0000   0.5417
  -0.450   0.1864   0.00526   0.00135  -0.0528  0.7849  0.7755  -0.4578   0.0000   0.0000   0.0000   0.5328
  -0.400   0.1912   0.00523   0.00135  -0.0525  0.7814  0.7906  -0.4616   0.0000   0.0000   0.0000   0.5244
  -0.350   0.1958   0.00520   0.00135  -0.0522  0.7780  0.8047  -0.4653   0.0000   0.0000   0.0000   0.5164
  -0.300   0.2007   0.00518   0.00136  -0.0520  0.7748  0.8192  -0.4690   0.0000   0.0000   0.0000   0.5087
  -0.250   0.2054   0.00514   0.00137  -0.0517  0.7715  0.8328  -0.4728   0.0000   0.0000   0.0000   0.5013
  -0.150   0.2150   0.00510   0.00138  -0.0512  0.7642  0.8578  -0.4808   0.0000   0.0000   0.0000   0.4875
  -0.100   0.2199   0.00510   0.00139  -0.0510  0.7603  0.8692  -0.4849   0.0000   0.0000   0.0000   0.4811
  -0.050   0.2245   0.00509   0.00139  -0.0507  0.7566  0.8796  -0.4889   0.0000   0.0000   0.0000   0.4749
   0.000   0.2293   0.00510   0.00140  -0.0504  0.7530  0.8907  -0.4930   0.0000   0.0000   0.0000   0.4689
   0.050   0.2343   0.00509   0.00141  -0.0502  0.7497  0.9006  -0.4972   0.0000   0.0000   0.0000   0.4632
   0.100   0.2395   0.00509   0.00142  -0.0500  0.7461  0.9112  -0.5014   0.0000   0.0000   0.0000   0.4577
   0.150   0.2447   0.00509   0.00142  -0.0498  0.7422  0.9208  -0.5057   0.0000   0.0000   0.0000   0.4525
   0.200   0.2506   0.00510   0.00143  -0.0498  0.7383  0.9290  -0.5103   0.0000   0.0000   0.0000   0.4475
   0.250   0.2566   0.00512   0.00144  -0.0498  0.7344  0.9372  -0.5150   0.0000   0.0000   0.0000   0.4428
   0.300   0.2622   0.00514   0.00144  -0.0497  0.7305  0.9444  -0.5199   0.0000   0.0000   0.0000   0.4384
   0.350   0.2689   0.00516   0.00144  -0.0499  0.7268  0.9497  -0.5253   0.0000   0.0000   0.0000   0.4343
   0.400   0.2764   0.00517   0.00145  -0.0503  0.7232  0.9549  -0.5311   0.0000   0.0000   0.0000   0.4305
   0.450   0.2834   0.00519   0.00145  -0.0506  0.7192  0.9600  -0.5367   0.0000   0.0000   0.0000   0.4269
   0.500   0.2900   0.00520   0.00146  -0.0507  0.7151  0.9650  -0.5421   0.0000   0.0000   0.0000   0.4234
   0.550   0.2958   0.00523   0.00146  -0.0507  0.7109  0.9696  -0.5471   0.0000   0.0000   0.0000   0.4199
   0.600   0.3040   0.00526   0.00146  -0.0513  0.7066  0.9725  -0.5533   0.0000   0.0000   0.0000   0.4170
   0.650   0.3120   0.00529   0.00146  -0.0518  0.7025  0.9753  -0.5596   0.0000   0.0000   0.0000   0.4143
   0.700   0.3200   0.00530   0.00147  -0.0523  0.6987  0.9781  -0.5662   0.0000   0.0000   0.0000   0.4117
   0.750   0.3276   0.00532   0.00147  -0.0527  0.6946  0.9810  -0.5726   0.0000   0.0000   0.0000   0.4091
   0.800   0.3348   0.00534   0.00148  -0.0530  0.6903  0.9838  -0.5789   0.0000   0.0000   0.0000   0.4066
   0.850   0.3419   0.00537   0.00148  -0.0533  0.6859  0.9864  -0.5850   0.0000   0.0000   0.0000   0.4042
   0.900   0.3488   0.00540   0.00149  -0.0536  0.6816  0.9887  -0.5910   0.0000   0.0000   0.0000   0.4018
   0.950   0.3564   0.00543   0.00149  -0.0540  0.6774  0.9904  -0.5975   0.0000   0.0000   0.0000   0.3997
   1.000   0.3650   0.00545   0.00150  -0.0547  0.6734  0.9916  -0.6050   0.0000   0.0000   0.0000   0.3979
   1.050   0.3734   0.00546   0.00150  -0.0553  0.6689  0.9928  -0.6125   0.0000   0.0000   0.0000   0.3961
   1.100   0.3817   0.00549   0.00151  -0.0559  0.6642  0.9942  -0.6200   0.0000   0.0000   0.0000   0.3944
   1.150   0.3899   0.00552   0.00151  -0.0565  0.6596  0.9957  -0.6274   0.0000   0.0000   0.0000   0.3928
   1.200   0.3979   0.00555   0.00151  -0.0570  0.6552  0.9971  -0.6346   0.0000   0.0000   0.0000   0.3912
   1.250   0.4059   0.00558   0.00152  -0.0575  0.6512  0.9984  -0.6425   0.0000   0.0000   0.0000   0.3896
   1.300   0.4140   0.00560   0.00153  -0.0581  0.6468  0.9995  -0.6505   0.0000   0.0000   0.0000   0.3881
   1.350   0.4203   0.00562   0.00153  -0.0583  0.6424  1.0000  -0.6574   0.0000   0.0000   0.0000   0.3864
   1.400   0.4254   0.00564   0.00153  -0.0581  0.6380  1.0000  -0.6635   0.0000   0.0000   0.0000   0.3844
   1.450   0.4303   0.00567   0.00154  -0.0580  0.6336  1.0000  -0.6696   0.0000   0.0000   0.0000   0.3825
   1.500   0.4353   0.00570   0.00154  -0.0579  0.6295  1.0000  -0.6762   0.0000   0.0000   0.0000   0.3806
   1.550   0.4404   0.00572   0.00154  -0.0578  0.6259  1.0000  -0.6831   0.0000   0.0000   0.0000   0.3788
   1.600   0.4456   0.00573   0.00155  -0.0577  0.6220  1.0000  -0.6900   0.0000   0.0000   0.0000   0.3771
   1.650   0.4507   0.00575   0.00155  -0.0576  0.6178  1.0000  -0.6969   0.0000   0.0000   0.0000   0.3753
   1.700   0.4557   0.00578   0.00156  -0.0575  0.6135  1.0000  -0.7044   0.0000   0.0000   0.0000   0.3736
   1.750   0.4606   0.00581   0.00156  -0.0573  0.6092  1.0000  -0.7121   0.0000   0.0000   0.0000   0.3720
   1.800   0.4655   0.00585   0.00157  -0.0572  0.6050  1.0000  -0.7197   0.0000   0.0000   0.0000   0.3703
   1.850   0.4707   0.00586   0.00158  -0.0571  0.6014  1.0000  -0.7279   0.0000   0.0000   0.0000   0.3687
   1.900   0.4758   0.00588   0.00159  -0.0570  0.5976  1.0000  -0.7369   0.0000   0.0000   0.0000   0.3672
   1.950   0.4810   0.00590   0.00159  -0.0569  0.5936  1.0000  -0.7459   0.0000   0.0000   0.0000   0.3656
   2.000   0.4860   0.00593   0.00160  -0.0568  0.5894  1.0000  -0.7549   0.0000   0.0000   0.0000   0.3641
   2.050   0.4909   0.00596   0.00161  -0.0566  0.5851  1.0000  -0.7651   0.0000   0.0000   0.0000   0.3627
   2.100   0.4958   0.00600   0.00162  -0.0565  0.5809  1.0000  -0.7754   0.0000   0.0000   0.0000   0.3612
   2.150   0.5010   0.00602   0.00163  -0.0564  0.5773  1.0000  -0.7860   0.0000   0.0000   0.0000   0.3598
   2.200   0.5061   0.00604   0.00164  -0.0563  0.5735  1.0000  -0.7966   0.0000   0.0000   0.0000   0.3584
   2.250   0.5112   0.00606   0.00165  -0.0562  0.5695  1.0000  -0.8089   0.0000   0.0000   0.0000   0.3571
   2.300   0.5163   0.00609   0.00166  -0.0561  0.5654  1.0000  -0.8213   0.0000   0.0000   0.0000   0.3557
   2.350   0.5212   0.00612   0.00167  -0.0560  0.5612  1.0000  -0.8337   0.0000   0.0000   0.0000   0.3544
   2.400   0.5261   0.00617   0.00170  -0.0558  0.5570  1.0000  -0.8459   0.0000   0.0000   0.0000   0.3531
   2.450   0.5312   0.00619   0.00171  -0.0557  0.5533  1.0000  -0.8585   0.0000   0.0000   0.0000   0.3518
   2.500   0.5364   0.00621   0.00172  -0.0556  0.5496  1.0000  -0.8723   0.0000   0.0000   0.0000   0.3506
   2.550   0.5415   0.00623   0.00173  -0.0555  0.5456  1.0000  -0.8871   0.0000   0.0000   0.0000   0.3494
   2.600   0.5465   0.00626   0.00175  -0.0554  0.5415  1.0000  -0.9018   0.0000   0.0000   0.0000   0.3482
   2.650   0.5515   0.00630   0.00176  -0.0553  0.5372  1.0000  -0.9165   0.0000   0.0000   0.0000   0.3470
   2.700   0.5564   0.00634   0.00178  -0.0551  0.5329  1.0000  -0.9311   0.0000   0.0000   0.0000   0.3458
   2.750   0.5614   0.00638   0.00179  -0.0550  0.5291  1.0000  -0.9459   0.0000   0.0000   0.0000   0.3447
   2.800   0.5666   0.00639   0.00181  -0.0549  0.5255  1.0000  -0.9611   0.0000   0.0000   0.0000   0.3436
   2.850   0.5717   0.00642   0.00182  -0.0548  0.5215  1.0000  -0.9772   0.0000   0.0000   0.0000   0.3425
   2.900   0.5768   0.00645   0.00183  -0.0547  0.5173  1.0000  -0.9947   0.0000   0.0000   0.0000   0.3415
   2.950   0.5817   0.00649   0.00185  -0.0546  0.5129  1.0000  -1.0121   0.0000   0.0000   0.0000   0.3404
   3.000   0.5866   0.00653   0.00187  -0.0544  0.5084  1.0000  -1.0294   0.0000   0.0000   0.0000   0.3393
   3.050   0.5917   0.00657   0.00189  -0.0543  0.5046  1.0000  -1.0471   0.0000   0.0000   0.0000   0.3383
   3.100   0.5969   0.00659   0.00190  -0.0542  0.5010  1.0000  -1.0651   0.0000   0.0000   0.0000   0.3373
   3.150   0.6020   0.00661   0.00192  -0.0541  0.4970  1.0000  -1.0831   0.0000   0.0000   0.0000   0.3363
   3.200   0.6071   0.00665   0.00194  -0.0540  0.4927  1.0000  -1.1011   0.0000   0.0000   0.0000   0.3354
   3.250   0.6121   0.00669   0.00196  -0.0539  0.4882  1.0000  -1.1190   0.0000   0.0000   0.0000   0.3344
   3.300   0.6170   0.00674   0.00198  -0.0538  0.4837  1.0000  -1.1368   0.0000   0.0000   0.0000   0.3335
   3.350   0.6221   0.00677   0.00200  -0.0536  0.4799  1.0000  -1.1565   0.0000   0.0000   0.0000   0.3325
   3.400   0.6273   0.00679   0.00202  -0.0536  0.4763  1.0000  -1.1779   0.0000   0.0000   0.0000   0.3317
   3.450   0.6325   0.00682   0.00203  -0.0535  0.4723  1.0000  -1.1993   0.0000   0.0000   0.0000   0.3308
   3.500   0.6376   0.00686   0.00205  -0.0534  0.4680  1.0000  -1.2207   0.0000   0.0000   0.0000   0.3299
   3.550   0.6427   0.00690   0.00207  -0.0533  0.4635  1.0000  -1.2419   0.0000   0.0000   0.0000   0.3290
   3.600   0.6476   0.00695   0.00210  -0.0531  0.4590  1.0000  -1.2631   0.0000   0.0000   0.0000   0.3282
   3.650   0.6527   0.00699   0.00212  -0.0531  0.4553  1.0000  -1.2848   0.0000   0.0000   0.0000   0.3273
   3.700   0.6580   0.00701   0.00214  -0.0530  0.4517  1.0000  -1.3069   0.0000   0.0000   0.0000   0.3265
   3.750   0.6632   0.00704   0.00216  -0.0529  0.4473  1.0000  -1.3289   0.0000   0.0000   0.0000   0.3257
   3.800   0.6683   0.00708   0.00220  -0.0528  0.4426  1.0000  -1.3509   0.0000   0.0000   0.0000   0.3249
   3.850   0.6733   0.00713   0.00223  -0.0527  0.4378  1.0000  -1.3727   0.0000   0.0000   0.0000   0.3242
   3.900   0.6782   0.00719   0.00225  -0.0526  0.4331  1.0000  -1.3944   0.0000   0.0000   0.0000   0.3234
   3.950   0.6835   0.00721   0.00228  -0.0525  0.4294  1.0000  -1.4170   0.0000   0.0000   0.0000   0.3226
   4.000   0.6887   0.00724   0.00230  -0.0524  0.4254  1.0000  -1.4397   0.0000   0.0000   0.0000   0.3219
   4.050   0.6939   0.00728   0.00232  -0.0523  0.4209  1.0000  -1.4626   0.0000   0.0000   0.0000   0.3212
   4.100   0.6990   0.00732   0.00235  -0.0522  0.4159  1.0000  -1.4885   0.0000   0.0000   0.0000   0.3204
   4.150   0.7039   0.00738   0.00238  -0.0521  0.4107  1.0000  -1.5141   0.0000   0.0000   0.0000   0.3197
   4.200   0.7090   0.00743   0.00241  -0.0520  0.4059  1.0000  -1.5403   0.0000   0.0000   0.0000   0.3190
   4.250   0.7143   0.00746   0.00243  -0.0520  0.4009  1.0000  -1.5669   0.0000   0.0000   0.0000   0.3183
   4.300   0.7194   0.00750   0.00246  -0.0519  0.3949  1.0000  -1.5934   0.0000   0.0000   0.0000   0.3176
   4.350   0.7243   0.00756   0.00249  -0.0518  0.3885  1.0000  -1.6196   0.0000   0.0000   0.0000   0.3169
   4.400   0.7293   0.00763   0.00252  -0.0516  0.3827  1.0000  -1.6458   0.0000   0.0000   0.0000   0.3163
   4.450   0.7345   0.00766   0.00255  -0.0516  0.3775  1.0000  -1.6730   0.0000   0.0000   0.0000   0.3156
   4.500   0.7396   0.00771   0.00258  -0.0515  0.3715  1.0000  -1.6999   0.0000   0.0000   0.0000   0.3150
   4.550   0.7446   0.00777   0.00261  -0.0514  0.3653  1.0000  -1.7267   0.0000   0.0000   0.0000   0.3143
   4.600   0.7494   0.00784   0.00265  -0.0513  0.3592  1.0000  -1.7533   0.0000   0.0000   0.0000   0.3137
   4.650   0.7546   0.00789   0.00268  -0.0512  0.3535  1.0000  -1.7808   0.0000   0.0000   0.0000   0.3131
   4.700   0.7597   0.00794   0.00271  -0.0511  0.3464  1.0000  -1.8080   0.0000   0.0000   0.0000   0.3124
   4.750   0.7644   0.00803   0.00275  -0.0510  0.3386  1.0000  -1.8347   0.0000   0.0000   0.0000   0.3118
   4.800   0.7694   0.00809   0.00279  -0.0509  0.3317  1.0000  -1.8621   0.0000   0.0000   0.0000   0.3112
   4.850   0.7744   0.00816   0.00283  -0.0508  0.3237  1.0000  -1.8895   0.0000   0.0000   0.0000   0.3106
   4.900   0.7791   0.00825   0.00287  -0.0506  0.3148  1.0000  -1.9163   0.0000   0.0000   0.0000   0.3100
   4.950   0.7840   0.00833   0.00292  -0.0505  0.3072  1.0000  -1.9438   0.0000   0.0000   0.0000   0.3094
   5.000   0.7889   0.00841   0.00296  -0.0504  0.2986  1.0000  -1.9714   0.0000   0.0000   0.0000   0.3088
   5.050   0.7935   0.00851   0.00301  -0.0503  0.2894  1.0000  -1.9999   0.0000   0.0000   0.0000   0.3082
   5.100   0.7984   0.00858   0.00306  -0.0502  0.2820  1.0000  -2.0320   0.0000   0.0000   0.0000   0.3076
   5.150   0.8033   0.00867   0.00313  -0.0500  0.2735  1.0000  -2.0632   0.0000   0.0000   0.0000   0.3071
   5.200   0.8079   0.00878   0.00318  -0.0499  0.2647  1.0000  -2.0943   0.0000   0.0000   0.0000   0.3065
   5.250   0.8129   0.00885   0.00323  -0.0498  0.2576  1.0000  -2.1269   0.0000   0.0000   0.0000   0.3059
   5.300   0.8176   0.00894   0.00329  -0.0497  0.2489  1.0000  -2.1590   0.0000   0.0000   0.0000   0.3054
   5.350   0.8222   0.00906   0.00335  -0.0495  0.2400  1.0000  -2.1905   0.0000   0.0000   0.0000   0.3048
   5.400   0.8272   0.00913   0.00340  -0.0494  0.2325  1.0000  -2.2235   0.0000   0.0000   0.0000   0.3043
   5.450   0.8318   0.00924   0.00346  -0.0493  0.2231  1.0000  -2.2556   0.0000   0.0000   0.0000   0.3038
   5.500   0.8364   0.00935   0.00353  -0.0492  0.2143  1.0000  -2.2878   0.0000   0.0000   0.0000   0.3032
   5.550   0.8412   0.00945   0.00359  -0.0490  0.2056  1.0000  -2.3207   0.0000   0.0000   0.0000   0.3027
   5.600   0.8456   0.00958   0.00366  -0.0489  0.1955  1.0000  -2.3524   0.0000   0.0000   0.0000   0.3021
   5.650   0.8504   0.00968   0.00372  -0.0488  0.1873  1.0000  -2.3855   0.0000   0.0000   0.0000   0.3016
   5.700   0.8549   0.00980   0.00380  -0.0486  0.1777  1.0000  -2.4180   0.0000   0.0000   0.0000   0.3011
   5.750   0.8594   0.00993   0.00387  -0.0485  0.1684  1.0000  -2.4503   0.0000   0.0000   0.0000   0.3006
   5.800   0.8641   0.01003   0.00394  -0.0483  0.1604  1.0000  -2.4838   0.0000   0.0000   0.0000   0.3001
   5.850   0.8685   0.01017   0.00402  -0.0482  0.1510  1.0000  -2.5160   0.0000   0.0000   0.0000   0.2996
   5.900   0.8732   0.01027   0.00409  -0.0480  0.1435  1.0000  -2.5495   0.0000   0.0000   0.0000   0.2991
   5.950   0.8779   0.01038   0.00416  -0.0479  0.1361  1.0000  -2.5832   0.0000   0.0000   0.0000   0.2986
   6.000   0.8823   0.01052   0.00425  -0.0477  0.1278  1.0000  -2.6157   0.0000   0.0000   0.0000   0.2981
   6.050   0.8871   0.01062   0.00432  -0.0476  0.1217  1.0000  -2.6500   0.0000   0.0000   0.0000   0.2976
   6.100   0.8919   0.01071   0.00439  -0.0475  0.1160  1.0000  -2.6844   0.0000   0.0000   0.0000   0.2971
   6.150   0.8964   0.01084   0.00447  -0.0474  0.1096  1.0000  -2.7179   0.0000   0.0000   0.0000   0.2967
   6.200   0.9009   0.01096   0.00455  -0.0472  0.1026  1.0000  -2.7515   0.0000   0.0000   0.0000   0.2962
   6.250   0.9059   0.01104   0.00462  -0.0471  0.0988  1.0000  -2.7868   0.0000   0.0000   0.0000   0.2957
   6.300   0.9107   0.01113   0.00469  -0.0470  0.0942  1.0000  -2.8216   0.0000   0.0000   0.0000   0.2953
   6.350   0.9152   0.01125   0.00478  -0.0469  0.0891  1.0000  -2.8556   0.0000   0.0000   0.0000   0.2948
   6.400   0.9197   0.01138   0.00486  -0.0467  0.0830  1.0000  -2.8895   0.0000   0.0000   0.0000   0.2943
   6.450   0.9247   0.01145   0.00493  -0.0466  0.0800  1.0000  -2.9252   0.0000   0.0000   0.0000   0.2939
   6.500   0.9296   0.01153   0.00500  -0.0465  0.0770  1.0000  -2.9609   0.0000   0.0000   0.0000   0.2935
   6.550   0.9343   0.01163   0.00508  -0.0464  0.0736  1.0000  -2.9961   0.0000   0.0000   0.0000   0.2931
   6.600   0.9389   0.01175   0.00519  -0.0462  0.0699  1.0000  -3.0310   0.0000   0.0000   0.0000   0.2926
   6.650   0.9434   0.01188   0.00528  -0.0461  0.0652  1.0000  -3.0650   0.0000   0.0000   0.0000   0.2921
   6.700   0.9482   0.01197   0.00537  -0.0460  0.0620  1.0000  -3.1002   0.0000   0.0000   0.0000   0.2917
   6.750   0.9533   0.01203   0.00543  -0.0459  0.0607  1.0000  -3.1372   0.0000   0.0000   0.0000   0.2913
   6.800   0.9582   0.01211   0.00550  -0.0458  0.0590  1.0000  -3.1738   0.0000   0.0000   0.0000   0.2909
   6.850   0.9630   0.01219   0.00558  -0.0457  0.0569  1.0000  -3.2113   0.0000   0.0000   0.0000   0.2905
   6.900   0.9677   0.01230   0.00566  -0.0455  0.0547  1.0000  -3.2525   0.0000   0.0000   0.0000   0.2901
   6.950   0.9722   0.01242   0.00575  -0.0454  0.0523  1.0000  -3.2930   0.0000   0.0000   0.0000   0.2897
   7.000   0.9767   0.01255   0.00587  -0.0452  0.0492  1.0000  -3.3320   0.0000   0.0000   0.0000   0.2892
   7.050   0.9809   0.01272   0.00603  -0.0450  0.0457  1.0000  -3.3675   0.0000   0.0000   0.0000   0.2887
   7.100   0.9861   0.01277   0.00608  -0.0449  0.0453  1.0000  -3.4123   0.0000   0.0000   0.0000   0.2883
   7.150   0.9911   0.01282   0.00614  -0.0448  0.0447  1.0000  -3.4568   0.0000   0.0000   0.0000   0.2880
   7.200   0.9962   0.01288   0.00621  -0.0447  0.0441  1.0000  -3.5010   0.0000   0.0000   0.0000   0.2876
   7.250   1.0012   0.01294   0.00628  -0.0447  0.0433  1.0000  -3.5449   0.0000   0.0000   0.0000   0.2872
   7.300   1.0061   0.01302   0.00636  -0.0445  0.0424  1.0000  -3.5885   0.0000   0.0000   0.0000   0.2869
   7.350   1.0109   0.01310   0.00644  -0.0444  0.0414  1.0000  -3.6319   0.0000   0.0000   0.0000   0.2865
   7.400   1.0157   0.01319   0.00652  -0.0443  0.0404  1.0000  -3.6752   0.0000   0.0000   0.0000   0.2861
   7.450   1.0203   0.01329   0.00661  -0.0442  0.0393  1.0000  -3.7181   0.0000   0.0000   0.0000   0.2857
   7.500   1.0249   0.01340   0.00671  -0.0440  0.0382  1.0000  -3.7604   0.0000   0.0000   0.0000   0.2853
   7.550   1.0294   0.01352   0.00682  -0.0439  0.0370  1.0000  -3.8018   0.0000   0.0000   0.0000   0.2849
   7.600   1.0338   0.01366   0.00696  -0.0437  0.0356  1.0000  -3.8411   0.0000   0.0000   0.0000   0.2845
   7.650   1.0378   0.01384   0.00715  -0.0434  0.0340  1.0000  -3.8766   0.0000   0.0000   0.0000   0.2840
   7.700   1.0412   0.01409   0.00743  -0.0430  0.0324  1.0000  -3.9061   0.0000   0.0000   0.0000   0.2835
   7.750   1.0462   0.01415   0.00750  -0.0429  0.0322  1.0000  -3.9517   0.0000   0.0000   0.0000   0.2831
   7.800   1.0512   0.01421   0.00756  -0.0429  0.0320  1.0000  -3.9980   0.0000   0.0000   0.0000   0.2828
   7.850   1.0562   0.01427   0.00763  -0.0428  0.0318  1.0000  -4.0442   0.0000   0.0000   0.0000   0.2825
   7.900   1.0611   0.01433   0.00770  -0.0427  0.0315  1.0000  -4.0901   0.0000   0.0000   0.0000   0.2821
   7.950   1.0660   0.01440   0.00778  -0.0426  0.0312  1.0000  -4.1358   0.0000   0.0000   0.0000   0.2818
   8.000   1.0708   0.01448   0.00786  -0.0425  0.0308  1.0000  -4.1813   0.0000   0.0000   0.0000   0.2814
   8.050   1.0756   0.01456   0.00794  -0.0423  0.0304  1.0000  -4.2266   0.0000   0.0000   0.0000   0.2811
   8.100   1.0804   0.01464   0.00805  -0.0422  0.0300  1.0000  -4.2724   0.0000   0.0000   0.0000   0.2807
   8.150   1.0851   0.01472   0.00814  -0.0421  0.0296  1.0000  -4.3179   0.0000   0.0000   0.0000   0.2804
   8.200   1.0898   0.01481   0.00823  -0.0420  0.0291  1.0000  -4.3634   0.0000   0.0000   0.0000   0.2800
   8.250   1.0945   0.01489   0.00833  -0.0418  0.0287  1.0000  -4.4092   0.0000   0.0000   0.0000   0.2797
   8.300   1.0992   0.01498   0.00842  -0.0417  0.0282  1.0000  -4.4551   0.0000   0.0000   0.0000   0.2794
   8.350   1.1038   0.01507   0.00851  -0.0416  0.0278  1.0000  -4.5009   0.0000   0.0000   0.0000   0.2790
   8.400   1.1084   0.01517   0.00861  -0.0414  0.0273  1.0000  -4.5465   0.0000   0.0000   0.0000   0.2787
   8.450   1.1129   0.01528   0.00872  -0.0413  0.0268  1.0000  -4.5920   0.0000   0.0000   0.0000   0.2783
   8.500   1.1173   0.01539   0.00883  -0.0411  0.0263  1.0000  -4.6368   0.0000   0.0000   0.0000   0.2780
   8.550   1.1216   0.01552   0.00896  -0.0409  0.0257  1.0000  -4.6804   0.0000   0.0000   0.0000   0.2776
   8.600   1.1256   0.01568   0.00911  -0.0407  0.0251  1.0000  -4.7216   0.0000   0.0000   0.0000   0.2772
   8.650   1.1294   0.01586   0.00931  -0.0404  0.0244  1.0000  -4.7591   0.0000   0.0000   0.0000   0.2768
   8.700   1.1326   0.01611   0.00957  -0.0401  0.0237  1.0000  -4.7914   0.0000   0.0000   0.0000   0.2763
   8.750   1.1350   0.01643   0.00993  -0.0396  0.0230  1.0000  -4.8162   0.0000   0.0000   0.0000   0.2757
   8.800   1.1376   0.01673   0.01027  -0.0391  0.0225  1.0000  -4.8427   0.0000   0.0000   0.0000   0.2752
   8.850   1.1425   0.01679   0.01033  -0.0390  0.0224  1.0000  -4.8921   0.0000   0.0000   0.0000   0.2749
   8.900   1.1472   0.01686   0.01041  -0.0389  0.0223  1.0000  -4.9409   0.0000   0.0000   0.0000   0.2746
   8.950   1.1519   0.01693   0.01049  -0.0388  0.0222  1.0000  -4.9891   0.0000   0.0000   0.0000   0.2743
   9.000   1.1566   0.01701   0.01058  -0.0386  0.0221  1.0000  -5.0367   0.0000   0.0000   0.0000   0.2739
   9.050   1.1612   0.01710   0.01067  -0.0385  0.0220  1.0000  -5.0841   0.0000   0.0000   0.0000   0.2736
   9.100   1.1657   0.01718   0.01077  -0.0384  0.0218  1.0000  -5.1312   0.0000   0.0000   0.0000   0.2733
   9.150   1.1702   0.01728   0.01087  -0.0382  0.0216  1.0000  -5.1779   0.0000   0.0000   0.0000   0.2730
   9.200   1.1746   0.01737   0.01098  -0.0380  0.0215  1.0000  -5.2244   0.0000   0.0000   0.0000   0.2727
   9.250   1.1790   0.01748   0.01109  -0.0379  0.0213  1.0000  -5.2706   0.0000   0.0000   0.0000   0.2723
   9.300   1.1834   0.01758   0.01121  -0.0377  0.0211  1.0000  -5.3165   0.0000   0.0000   0.0000   0.2720
   9.350   1.1877   0.01769   0.01133  -0.0375  0.0209  1.0000  -5.3623   0.0000   0.0000   0.0000   0.2717
   9.400   1.1919   0.01780   0.01145  -0.0373  0.0207  1.0000  -5.4079   0.0000   0.0000   0.0000   0.2713
   9.450   1.1962   0.01791   0.01157  -0.0372  0.0204  1.0000  -5.4534   0.0000   0.0000   0.0000   0.2710
   9.500   1.2004   0.01803   0.01170  -0.0370  0.0202  1.0000  -5.4989   0.0000   0.0000   0.0000   0.2707
   9.550   1.2046   0.01814   0.01182  -0.0368  0.0200  1.0000  -5.5443   0.0000   0.0000   0.0000   0.2703
   9.600   1.2087   0.01826   0.01195  -0.0366  0.0198  1.0000  -5.5896   0.0000   0.0000   0.0000   0.2700
   9.650   1.2128   0.01838   0.01208  -0.0364  0.0196  1.0000  -5.6351   0.0000   0.0000   0.0000   0.2696
   9.700   1.2169   0.01851   0.01221  -0.0362  0.0194  1.0000  -5.6806   0.0000   0.0000   0.0000   0.2693
   9.750   1.2210   0.01863   0.01235  -0.0360  0.0192  1.0000  -5.7262   0.0000   0.0000   0.0000   0.2690
   9.800   1.2250   0.01875   0.01248  -0.0357  0.0190  1.0000  -5.7720   0.0000   0.0000   0.0000   0.2686
   9.850   1.2290   0.01887   0.01263  -0.0355  0.0188  1.0000  -5.8176   0.0000   0.0000   0.0000   0.2683
   9.900   1.2330   0.01900   0.01276  -0.0353  0.0186  1.0000  -5.8634   0.0000   0.0000   0.0000   0.2680
   9.950   1.2370   0.01913   0.01290  -0.0351  0.0184  1.0000  -5.9093   0.0000   0.0000   0.0000   0.2676
  10.000   1.2409   0.01926   0.01304  -0.0349  0.0182  1.0000  -5.9550   0.0000   0.0000   0.0000   0.2673
  10.050   1.2447   0.01939   0.01318  -0.0347  0.0181  1.0000  -6.0001   0.0000   0.0000   0.0000   0.2669
  10.100   1.2484   0.01954   0.01334  -0.0344  0.0179  1.0000  -6.0445   0.0000   0.0000   0.0000   0.2666
  10.150   1.2520   0.01970   0.01350  -0.0341  0.0177  1.0000  -6.0878   0.0000   0.0000   0.0000   0.2662
  10.200   1.2555   0.01987   0.01368  -0.0338  0.0175  1.0000  -6.1298   0.0000   0.0000   0.0000   0.2659
  10.250   1.2587   0.02005   0.01387  -0.0335  0.0173  1.0000  -6.1702   0.0000   0.0000   0.0000   0.2655
  10.300   1.2618   0.02025   0.01408  -0.0332  0.0171  1.0000  -6.2084   0.0000   0.0000   0.0000   0.2651
  10.350   1.2645   0.02048   0.01432  -0.0328  0.0169  1.0000  -6.2462   0.0000   0.0000   0.0000   0.2646
  10.400   1.2670   0.02073   0.01459  -0.0324  0.0167  1.0000  -6.2867   0.0000   0.0000   0.0000   0.2642
  10.450   1.2691   0.02101   0.01489  -0.0319  0.0165  1.0000  -6.3239   0.0000   0.0000   0.0000   0.2637
  10.500   1.2708   0.02132   0.01523  -0.0314  0.0163  1.0000  -6.3573   0.0000   0.0000   0.0000   0.2632
  10.550   1.2720   0.02168   0.01562  -0.0308  0.0161  1.0000  -6.3862   0.0000   0.0000   0.0000   0.2626
  10.600   1.2727   0.02209   0.01607  -0.0301  0.0159  1.0000  -6.4098   0.0000   0.0000   0.0000   0.2620
  10.650   1.2728   0.02257   0.01659  -0.0293  0.0157  1.0000  -6.4272   0.0000   0.0000   0.0000   0.2613
  10.700   1.2721   0.02313   0.01720  -0.0285  0.0155  1.0000  -6.4372   0.0000   0.0000   0.0000   0.2606
  10.750   1.2722   0.02360   0.01772  -0.0278  0.0154  1.0000  -6.4556   0.0000   0.0000   0.0000   0.2600
  10.800   1.2757   0.02373   0.01786  -0.0275  0.0154  1.0000  -6.5072   0.0000   0.0000   0.0000   0.2596
  10.850   1.2789   0.02386   0.01800  -0.0272  0.0154  1.0000  -6.5576   0.0000   0.0000   0.0000   0.2593
  10.900   1.2820   0.02399   0.01814  -0.0268  0.0153  1.0000  -6.6072   0.0000   0.0000   0.0000   0.2589
  10.950   1.2850   0.02412   0.01829  -0.0265  0.0153  1.0000  -6.6565   0.0000   0.0000   0.0000   0.2585
  11.000   1.2879   0.02426   0.01845  -0.0261  0.0152  1.0000  -6.7053   0.0000   0.0000   0.0000   0.2581
  11.050   1.2908   0.02440   0.01861  -0.0258  0.0152  1.0000  -6.7537   0.0000   0.0000   0.0000   0.2577
  11.100   1.2936   0.02455   0.01877  -0.0254  0.0151  1.0000  -6.8017   0.0000   0.0000   0.0000   0.2573
  11.150   1.2963   0.02471   0.01894  -0.0250  0.0151  1.0000  -6.8491   0.0000   0.0000   0.0000   0.2568
  11.200   1.2990   0.02486   0.01912  -0.0246  0.0151  1.0000  -6.8963   0.0000   0.0000   0.0000   0.2564
  11.250   1.3016   0.02503   0.01930  -0.0242  0.0150  1.0000  -6.9430   0.0000   0.0000   0.0000   0.2560
  11.300   1.3042   0.02520   0.01948  -0.0238  0.0149  1.0000  -6.9895   0.0000   0.0000   0.0000   0.2556
  11.350   1.3067   0.02537   0.01967  -0.0234  0.0149  1.0000  -7.0356   0.0000   0.0000   0.0000   0.2552
  11.400   1.3091   0.02555   0.01987  -0.0230  0.0148  1.0000  -7.0812   0.0000   0.0000   0.0000   0.2548
  11.450   1.3115   0.02573   0.02007  -0.0226  0.0148  1.0000  -7.1264   0.0000   0.0000   0.0000   0.2544
  11.500   1.3138   0.02592   0.02028  -0.0222  0.0147  1.0000  -7.1712   0.0000   0.0000   0.0000   0.2540
  11.550   1.3161   0.02612   0.02049  -0.0218  0.0146  1.0000  -7.2155   0.0000   0.0000   0.0000   0.2536
  11.600   1.3183   0.02632   0.02071  -0.0214  0.0146  1.0000  -7.2594   0.0000   0.0000   0.0000   0.2531
  11.650   1.3205   0.02652   0.02093  -0.0210  0.0145  1.0000  -7.3029   0.0000   0.0000   0.0000   0.2527
  11.700   1.3226   0.02673   0.02116  -0.0206  0.0144  1.0000  -7.3463   0.0000   0.0000   0.0000   0.2523
  11.750   1.3247   0.02694   0.02139  -0.0202  0.0144  1.0000  -7.3897   0.0000   0.0000   0.0000   0.2519
  11.800   1.3268   0.02715   0.02162  -0.0198  0.0143  1.0000  -7.4333   0.0000   0.0000   0.0000   0.2515
  11.850   1.3289   0.02736   0.02185  -0.0194  0.0142  1.0000  -7.4770   0.0000   0.0000   0.0000   0.2511
  11.900   1.3309   0.02758   0.02208  -0.0191  0.0141  1.0000  -7.5209   0.0000   0.0000   0.0000   0.2507
  11.950   1.3330   0.02779   0.02232  -0.0187  0.0140  1.0000  -7.5648   0.0000   0.0000   0.0000   0.2504
  12.000   1.3350   0.02801   0.02255  -0.0183  0.0139  1.0000  -7.6088   0.0000   0.0000   0.0000   0.2500
  12.050   1.3371   0.02823   0.02279  -0.0180  0.0138  1.0000  -7.6529   0.0000   0.0000   0.0000   0.2496
  12.100   1.3390   0.02845   0.02303  -0.0176  0.0138  1.0000  -7.6968   0.0000   0.0000   0.0000   0.2492
  12.150   1.3410   0.02867   0.02327  -0.0172  0.0137  1.0000  -7.7407   0.0000   0.0000   0.0000   0.2489
  12.200   1.3429   0.02889   0.02351  -0.0169  0.0136  1.0000  -7.7846   0.0000   0.0000   0.0000   0.2485
  12.250   1.3448   0.02912   0.02375  -0.0165  0.0135  1.0000  -7.8288   0.0000   0.0000   0.0000   0.2481
  12.300   1.3467   0.02935   0.02400  -0.0162  0.0134  1.0000  -7.8731   0.0000   0.0000   0.0000   0.2478
  12.350   1.3486   0.02958   0.02427  -0.0159  0.0133  1.0000  -7.9174   0.0000   0.0000   0.0000   0.2475
  12.400   1.3505   0.02981   0.02452  -0.0155  0.0132  1.0000  -7.9620   0.0000   0.0000   0.0000   0.2471
  12.450   1.3524   0.03005   0.02477  -0.0152  0.0131  1.0000  -8.0063   0.0000   0.0000   0.0000   0.2468
  12.500   1.3542   0.03029   0.02503  -0.0149  0.0130  1.0000  -8.0507   0.0000   0.0000   0.0000   0.2464
  12.550   1.3560   0.03053   0.02529  -0.0146  0.0129  1.0000  -8.0950   0.0000   0.0000   0.0000   0.2461
  12.600   1.3577   0.03078   0.02555  -0.0143  0.0129  1.0000  -8.1393   0.0000   0.0000   0.0000   0.2458
  12.650   1.3595   0.03103   0.02582  -0.0140  0.0128  1.0000  -8.1835   0.0000   0.0000   0.0000   0.2455
  12.700   1.3611   0.03129   0.02609  -0.0137  0.0127  1.0000  -8.2272   0.0000   0.0000   0.0000   0.2452
  12.750   1.3627   0.03155   0.02637  -0.0134  0.0126  1.0000  -8.2704   0.0000   0.0000   0.0000   0.2448
  12.800   1.3642   0.03182   0.02666  -0.0131  0.0125  1.0000  -8.3133   0.0000   0.0000   0.0000   0.2445
  12.850   1.3657   0.03210   0.02695  -0.0128  0.0125  1.0000  -8.3561   0.0000   0.0000   0.0000   0.2442
  12.900   1.3672   0.03238   0.02725  -0.0125  0.0124  1.0000  -8.3986   0.0000   0.0000   0.0000   0.2439
  12.950   1.3686   0.03268   0.02756  -0.0123  0.0123  1.0000  -8.4406   0.0000   0.0000   0.0000   0.2436
  13.000   1.3699   0.03298   0.02788  -0.0120  0.0123  1.0000  -8.4816   0.0000   0.0000   0.0000   0.2433
  13.050   1.3711   0.03330   0.02822  -0.0117  0.0122  1.0000  -8.5217   0.0000   0.0000   0.0000   0.2430
  13.100   1.3723   0.03363   0.02856  -0.0115  0.0121  1.0000  -8.5611   0.0000   0.0000   0.0000   0.2428
  13.150   1.3734   0.03397   0.02892  -0.0112  0.0121  1.0000  -8.6000   0.0000   0.0000   0.0000   0.2425
  13.200   1.3744   0.03431   0.02928  -0.0110  0.0120  1.0000  -8.6386   0.0000   0.0000   0.0000   0.2422
  13.250   1.3754   0.03467   0.02966  -0.0107  0.0120  1.0000  -8.6762   0.0000   0.0000   0.0000   0.2419
  13.300   1.3762   0.03504   0.03005  -0.0105  0.0119  1.0000  -8.7131   0.0000   0.0000   0.0000   0.2417
  13.350   1.3770   0.03541   0.03044  -0.0102  0.0119  1.0000  -8.7494   0.0000   0.0000   0.0000   0.2414
  13.400   1.3777   0.03579   0.03084  -0.0100  0.0118  1.0000  -8.7853   0.0000   0.0000   0.0000   0.2411
  13.450   1.3783   0.03619   0.03126  -0.0098  0.0118  1.0000  -8.8203   0.0000   0.0000   0.0000   0.2409
  13.500   1.3789   0.03660   0.03169  -0.0096  0.0117  1.0000  -8.8543   0.0000   0.0000   0.0000   0.2406
  13.550   1.3793   0.03703   0.03213  -0.0094  0.0117  1.0000  -8.8874   0.0000   0.0000   0.0000   0.2404
  13.600   1.3797   0.03746   0.03259  -0.0092  0.0116  1.0000  -8.9200   0.0000   0.0000   0.0000   0.2401
  13.650   1.3800   0.03791   0.03306  -0.0090  0.0116  1.0000  -8.9518   0.0000   0.0000   0.0000   0.2399
  13.700   1.3802   0.03838   0.03355  -0.0088  0.0115  1.0000  -8.9820   0.0000   0.0000   0.0000   0.2397
  13.750   1.3802   0.03887   0.03406  -0.0086  0.0115  1.0000  -9.0112   0.0000   0.0000   0.0000   0.2395
  13.800   1.3802   0.03937   0.03458  -0.0085  0.0114  1.0000  -9.0394   0.0000   0.0000   0.0000   0.2392
  13.850   1.3801   0.03988   0.03512  -0.0083  0.0114  1.0000  -9.0667   0.0000   0.0000   0.0000   0.2390
  13.900   1.3798   0.04043   0.03569  -0.0082  0.0114  1.0000  -9.0922   0.0000   0.0000   0.0000   0.2388
  13.950   1.3794   0.04099   0.03627  -0.0080  0.0113  1.0000  -9.1162   0.0000   0.0000   0.0000   0.2386
  14.000   1.3789   0.04156   0.03688  -0.0079  0.0113  1.0000  -9.1392   0.0000   0.0000   0.0000   0.2385
  14.050   1.3783   0.04216   0.03750  -0.0078  0.0112  1.0000  -9.1608   0.0000   0.0000   0.0000   0.2383
  14.100   1.3775   0.04279   0.03815  -0.0077  0.0112  1.0000  -9.1802   0.0000   0.0000   0.0000   0.2381
  14.150   1.3765   0.04343   0.03882  -0.0076  0.0111  1.0000  -9.1981   0.0000   0.0000   0.0000   0.2380
  14.200   1.3754   0.04409   0.03951  -0.0075  0.0111  1.0000  -9.2147   0.0000   0.0000   0.0000   0.2378
  14.250   1.3742   0.04477   0.04022  -0.0075  0.0111  1.0000  -9.2293   0.0000   0.0000   0.0000   0.2377
  14.300   1.3728   0.04548   0.04096  -0.0074  0.0110  1.0000  -9.2421   0.0000   0.0000   0.0000   0.2375
  14.350   1.3712   0.04621   0.04172  -0.0074  0.0110  1.0000  -9.2538   0.0000   0.0000   0.0000   0.2374
  14.400   1.3696   0.04696   0.04250  -0.0073  0.0110  1.0000  -9.2641   0.0000   0.0000   0.0000   0.2373
  14.450   1.3678   0.04774   0.04332  -0.0073  0.0109  1.0000  -9.2723   0.0000   0.0000   0.0000   0.2372
  14.500   1.3659   0.04855   0.04416  -0.0073  0.0109  1.0000  -9.2793   0.0000   0.0000   0.0000   0.2371
  14.550   1.3640   0.04937   0.04502  -0.0074  0.0109  1.0000  -9.2851   0.0000   0.0000   0.0000   0.2371
  14.600   1.3618   0.05023   0.04591  -0.0074  0.0108  1.0000  -9.2891   0.0000   0.0000   0.0000   0.2370
  14.650   1.3595   0.05111   0.04683  -0.0075  0.0108  1.0000  -9.2915   0.0000   0.0000   0.0000   0.2370
  14.700   1.3572   0.05201   0.04776  -0.0076  0.0108  1.0000  -9.2930   0.0000   0.0000   0.0000   0.2369
  14.750   1.3547   0.05293   0.04872  -0.0077  0.0107  1.0000  -9.2929   0.0000   0.0000   0.0000   0.2369
  14.800   1.3521   0.05389   0.04971  -0.0078  0.0107  1.0000  -9.2912   0.0000   0.0000   0.0000   0.2370
  14.850   1.3494   0.05486   0.05072  -0.0080  0.0107  1.0000  -9.2885   0.0000   0.0000   0.0000   0.2370
  14.900   1.3466   0.05584   0.05175  -0.0082  0.0107  1.0000  -9.2847   0.0000   0.0000   0.0000   0.2370
  14.950   1.3437   0.05687   0.05281  -0.0084  0.0107  1.0000  -9.2793   0.0000   0.0000   0.0000   0.2371
  15.000   1.3407   0.05789   0.05387  -0.0086  0.0106  1.0000  -9.2730   0.0000   0.0000   0.0000   0.2372
  15.050   1.3376   0.05893   0.05495  -0.0088  0.0106  1.0000  -9.2657   0.0000   0.0000   0.0000   0.2372
  15.100   1.3344   0.06001   0.05606  -0.0091  0.0106  1.0000  -9.2571   0.0000   0.0000   0.0000   0.2374
  15.150   1.3311   0.06110   0.05719  -0.0094  0.0106  1.0000  -9.2478   0.0000   0.0000   0.0000   0.2375
  15.200   1.3278   0.06220   0.05833  -0.0097  0.0106  1.0000  -9.2378   0.0000   0.0000   0.0000   0.2376
  15.250   1.3244   0.06334   0.05951  -0.0100  0.0106  1.0000  -9.2266   0.0000   0.0000   0.0000   0.2378
  15.300   1.3210   0.06449   0.06070  -0.0104  0.0105  1.0000  -9.2149   0.0000   0.0000   0.0000   0.2380
  15.350   1.3176   0.06565   0.06190  -0.0107  0.0105  1.0000  -9.2026   0.0000   0.0000   0.0000   0.2382
  15.400   1.3141   0.06686   0.06314  -0.0111  0.0105  1.0000  -9.1892   0.0000   0.0000   0.0000   0.2384
  15.450   1.3105   0.06807   0.06439  -0.0116  0.0105  1.0000  -9.1754   0.0000   0.0000   0.0000   0.2387
  15.500   1.3070   0.06929   0.06565  -0.0120  0.0105  1.0000  -9.1611   0.0000   0.0000   0.0000   0.2389
  15.550   1.3034   0.07055   0.06695  -0.0125  0.0105  1.0000  -9.1459   0.0000   0.0000   0.0000   0.2392
  15.600   1.2998   0.07183   0.06826  -0.0130  0.0105  1.0000  -9.1302   0.0000   0.0000   0.0000   0.2395
  15.650   1.2962   0.07310   0.06957  -0.0135  0.0105  1.0000  -9.1143   0.0000   0.0000   0.0000   0.2399
  15.700   1.2925   0.07441   0.07092  -0.0141  0.0105  1.0000  -9.0975   0.0000   0.0000   0.0000   0.2402
  15.750   1.2888   0.07574   0.07228  -0.0147  0.0105  1.0000  -9.0802   0.0000   0.0000   0.0000   0.2406
  15.800   1.2851   0.07706   0.07364  -0.0152  0.0104  1.0000  -9.0627   0.0000   0.0000   0.0000   0.2410
  15.850   1.2814   0.07841   0.07502  -0.0158  0.0104  1.0000  -9.0446   0.0000   0.0000   0.0000   0.2414
  15.900   1.2777   0.07978   0.07643  -0.0165  0.0104  1.0000  -9.0258   0.0000   0.0000   0.0000   0.2418
  15.950   1.2739   0.08113   0.07782  -0.0171  0.0104  1.0000  -9.0070   0.0000   0.0000   0.0000   0.2422
  16.000   1.2702   0.08250   0.07922  -0.0177  0.0104  1.0000  -8.9878   0.0000   0.0000   0.0000   0.2427
  16.050   1.2664   0.08391   0.08066  -0.0184  0.0104  1.0000  -8.9678   0.0000   0.0000   0.0000   0.2431
  16.100   1.2626   0.08531   0.08210  -0.0191  0.0104  1.0000  -8.9476   0.0000   0.0000   0.0000   0.2436
  16.150   1.2589   0.08672   0.08353  -0.0197  0.0104  1.0000  -8.9272   0.0000   0.0000   0.0000   0.2441
  16.200   1.2551   0.08817   0.08502  -0.0205  0.0104  1.0000  -8.9060   0.0000   0.0000   0.0000   0.2446
  16.250   1.2513   0.08964   0.08651  -0.0212  0.0104  1.0000  -8.8844   0.0000   0.0000   0.0000   0.2452
  16.300   1.2476   0.09109   0.08800  -0.0219  0.0104  1.0000  -8.8627   0.0000   0.0000   0.0000   0.2457
  16.350   1.2438   0.09257   0.08951  -0.0227  0.0104  1.0000  -8.8405   0.0000   0.0000   0.0000   0.2463
  16.400   1.2400   0.09409   0.09106  -0.0235  0.0104  1.0000  -8.8175   0.0000   0.0000   0.0000   0.2469
  16.450   1.2363   0.09559   0.09259  -0.0243  0.0104  1.0000  -8.7943   0.0000   0.0000   0.0000   0.2475
  16.500   1.2326   0.09710   0.09413  -0.0251  0.0104  1.0000  -8.7709   0.0000   0.0000   0.0000   0.2481
  16.550   1.2288   0.09865   0.09571  -0.0259  0.0104  1.0000  -8.7466   0.0000   0.0000   0.0000   0.2487
  16.600   1.2251   0.10021   0.09730  -0.0267  0.0104  1.0000  -8.7218   0.0000   0.0000   0.0000   0.2494
  16.650   1.2214   0.10176   0.09888  -0.0276  0.0104  1.0000  -8.6969   0.0000   0.0000   0.0000   0.2500
  16.700   1.2177   0.10332   0.10047  -0.0284  0.0104  1.0000  -8.6713   0.0000   0.0000   0.0000   0.2507
  16.750   1.2139   0.10493   0.10211  -0.0293  0.0104  1.0000  -8.6448   0.0000   0.0000   0.0000   0.2514
  16.800   1.2102   0.10653   0.10373  -0.0302  0.0104  1.0000  -8.6180   0.0000   0.0000   0.0000   0.2521
  16.850   1.2065   0.10811   0.10534  -0.0310  0.0105  1.0000  -8.5911   0.0000   0.0000   0.0000   0.2528
  16.900   1.2028   0.10975   0.10701  -0.0319  0.0105  1.0000  -8.5629   0.0000   0.0000   0.0000   0.2536
  16.950   1.1990   0.11140   0.10868  -0.0329  0.0105  1.0000  -8.5339   0.0000   0.0000   0.0000   0.2543
  17.000   1.1954   0.11303   0.11034  -0.0338  0.0105  1.0000  -8.5049   0.0000   0.0000   0.0000   0.2551


