Alpha	Cl	Cd	Cdp	Cm	Top_Xtr	Bot_Xtr
-10.25	-0.5629	0.09185	0.0866	-0.0254	1	0.0367
-10	-0.5764	0.08412	0.07895	-0.0302	1	0.037
-9.75	-0.5963	0.07438	0.06927	-0.037	1	0.0369
-9.5	-0.6274	0.06309	0.05795	-0.0469	1	0.0361
-9.25	-0.6545	0.05546	0.05008	-0.0504	1	0.0359
-9	-0.6728	0.04909	0.04331	-0.0511	1	0.0364
-8.75	-0.6827	0.04362	0.03725	-0.0503	1	0.0373
-8.5	-0.6828	0.03937	0.03243	-0.0488	1	0.0383
-8.25	-0.6713	0.03713	0.03002	-0.0476	1	0.0394
-8	-0.6569	0.03559	0.02835	-0.0464	1	0.0411
-7.75	-0.6424	0.03385	0.02637	-0.0451	1	0.0434
-7.5	-0.6282	0.03157	0.02363	-0.0436	1	0.0457
-7.25	-0.612	0.02947	0.021	-0.0421	1	0.0476
-7	-0.5941	0.02803	0.01957	-0.041	1	0.0499
-6.75	-0.575	0.02698	0.01838	-0.0399	1	0.0525
-6.5	-0.5553	0.02566	0.01681	-0.0387	1	0.0549
-6.25	-0.5347	0.02454	0.01539	-0.0376	1	0.0579
-6	-0.5143	0.02339	0.01418	-0.0366	1	0.0606
-5.75	-0.4933	0.0225	0.01324	-0.0356	1	0.0632
-5.5	-0.4718	0.02165	0.01227	-0.0346	1	0.066
-5.25	-0.4499	0.02096	0.01141	-0.0336	1	0.07
-5	-0.4283	0.02016	0.01062	-0.0327	1	0.0736
-4.75	-0.4063	0.01953	0.00996	-0.0319	1	0.0776
-4.5	-0.3839	0.01895	0.00928	-0.031	1	0.0824
-4.25	-0.3615	0.01836	0.00872	-0.0304	1	0.0885
-4	-0.3246	0.01779	0.00816	-0.0326	0.9951	0.1017
-3.75	-0.288	0.01723	0.00764	-0.0347	0.9893	0.1204
-3.5	-0.2504	0.01673	0.00723	-0.0371	0.9839	0.1467
-3.25	-0.2148	0.01628	0.00692	-0.039	0.9771	0.184
-3	-0.1789	0.01585	0.00668	-0.041	0.9707	0.2338
-2.75	-0.1431	0.01538	0.00649	-0.043	0.9639	0.2979
-2.5	-0.1091	0.01493	0.00631	-0.0445	0.9564	0.366
-2.25	-0.0732	0.01445	0.00614	-0.0463	0.9498	0.4474
-2	-0.0413	0.01397	0.00606	-0.047	0.9415	0.5472
-1.75	-0.0087	0.01353	0.006	-0.0474	0.9343	0.658
-1.5	0.0191	0.01321	0.006	-0.0464	0.9246	0.7625
-1.25	0.0574	0.01301	0.00599	-0.0473	0.9182	0.8639
-1	0.1046	0.01292	0.00589	-0.0506	0.9099	0.9393
-0.75	0.1598	0.01281	0.00568	-0.056	0.9033	0.9868
-0.5	0.1992	0.01272	0.00549	-0.0583	0.8913	1
-0.25	0.229	0.01266	0.00533	-0.0586	0.8774	1
0	0.2582	0.0126	0.00519	-0.0587	0.863	1
0.25	0.2867	0.01256	0.00506	-0.0586	0.848	1
0.5	0.3148	0.01254	0.00496	-0.0584	0.8324	1
0.75	0.3424	0.01252	0.00488	-0.0581	0.8162	1
1	0.3697	0.01253	0.00481	-0.0577	0.7994	1
1.25	0.3969	0.01255	0.00476	-0.0572	0.7824	1
1.5	0.4233	0.0126	0.00476	-0.0566	0.7644	1
1.75	0.4493	0.01268	0.00478	-0.056	0.7456	1
2	0.4754	0.01278	0.00482	-0.0553	0.7267	1
2.25	0.5014	0.01289	0.00488	-0.0546	0.7078	1
2.5	0.5273	0.01303	0.00494	-0.054	0.6889	1
2.75	0.5526	0.01319	0.00508	-0.0532	0.6686	1
3	0.5779	0.01336	0.00521	-0.0525	0.6485	1
3.25	0.6033	0.01356	0.00534	-0.0517	0.6286	1
3.5	0.6282	0.01377	0.00554	-0.051	0.6074	1
3.75	0.6531	0.01401	0.00573	-0.0502	0.586	1
4	0.6776	0.01426	0.00594	-0.0493	0.5631	1
4.25	0.7017	0.01453	0.00616	-0.0484	0.5381	1
4.5	0.7254	0.01482	0.00641	-0.0474	0.5112	1
4.75	0.749	0.01513	0.00668	-0.0465	0.4843	1
5	0.7721	0.01547	0.00699	-0.0455	0.4539	1
5.25	0.7935	0.01589	0.00726	-0.0442	0.4118	1
5.5	0.8139	0.01641	0.00757	-0.0429	0.3591	1
5.75	0.834	0.01705	0.00797	-0.0416	0.3065	1
6	0.8542	0.01775	0.0085	-0.0405	0.2573	1
6.25	0.8733	0.01862	0.00912	-0.0393	0.2071	1
6.5	0.8916	0.01962	0.00986	-0.038	0.1598	1
6.75	0.9098	0.02067	0.0107	-0.0368	0.1232	1
7	0.9281	0.02169	0.01164	-0.0355	0.1013	1
7.25	0.9462	0.02272	0.01263	-0.0341	0.0883	1
7.5	0.9639	0.02375	0.01367	-0.0327	0.0798	1
7.75	0.9816	0.02476	0.01476	-0.0313	0.0738	1
8	0.9992	0.02576	0.01581	-0.0299	0.0685	1
8.25	1.0151	0.02693	0.01701	-0.0284	0.0645	1
8.5	1.0329	0.028	0.01822	-0.027	0.0615	1
8.75	1.0501	0.02916	0.01947	-0.0256	0.0587	1
9	1.0666	0.03036	0.0207	-0.0242	0.0559	1
9.25	1.0829	0.0318	0.02217	-0.0229	0.0533	1
9.5	1.101	0.03312	0.02369	-0.0217	0.0509	1
9.75	1.1181	0.03451	0.02527	-0.0204	0.0485	1
10	1.1333	0.03586	0.02669	-0.0191	0.0461	1
10.25	1.1484	0.03764	0.02846	-0.018	0.0439	1
10.5	1.1629	0.03946	0.03056	-0.0166	0.0422	1
10.75	1.1744	0.04128	0.03267	-0.0149	0.0402	1
11	1.1824	0.043	0.03461	-0.0129	0.0383	1
11.25	1.1894	0.04479	0.03655	-0.011	0.0368	1
11.5	1.1961	0.04679	0.03867	-0.0093	0.0357	1
11.75	1.2005	0.04945	0.04144	-0.0077	0.0345	1
12	1.1949	0.0521	0.04448	-0.0053	0.0336	1
12.25	1.1871	0.05512	0.04786	-0.0035	0.0326	1
12.5	1.1776	0.05846	0.0515	-0.0023	0.0318	1
12.75	1.1663	0.06218	0.0555	-0.0017	0.0311	1
13	1.1527	0.06644	0.06002	-0.0019	0.0307	1
13.25	1.1362	0.07139	0.06523	-0.003	0.0304	1
13.5	1.1164	0.07721	0.0713	-0.0051	0.0303	1
13.75	1.0921	0.08427	0.07861	-0.0086	0.0303	1
14	1.0615	0.09324	0.08783	-0.014	0.0306	1
14.25	1.0213	0.1054	0.10023	-0.0221	0.0312	1
14.5	0.97	0.1226	0.11756	-0.0334	0.0326	1
